    6   18
       38.0933944425       -0.0000000000        1.8761273463
       -1.4528447151        0.0000000000        1.6988404659
        1.6908156434       -0.0000000000       -1.4570988116
       -9.3577597970        5.5651990989        1.6692766023
       -9.3577597970       -5.5651990989        1.6692766023
      -19.5723854819        0.0000000000       -4.6644944004
       -0.0000000000       36.0657943857       -0.0000000000
        0.0000000000        0.1610494653       -0.0000000000
       -0.0000000000        0.9479532897        0.0000000000
        5.6626404327      -15.6894827907       -3.1310875755
       -5.6626404327      -15.6894827907        3.1310875755
        0.0000000000       -5.7958294904        0.0000000000
        1.8761273463       -0.0000000000       27.2603336539
        1.0156924453       -0.0000000000       -2.1950683426
       -1.3034480494        0.0000000000        1.1307798369
        1.5542308171       -2.2604456970       -8.9034698989
        1.5542308171        2.2604456970       -8.9034698989
       -4.6992184565        0.0000000000       -8.4325668305
       -1.4528447151        0.0000000000        1.0156924453
        9.6389194196       -0.0000000000        2.8239012153
      -10.1660326056        0.0000000000       -4.9431877739
       -0.1894771473        0.2455168871        1.1114532714
       -0.1894771473       -0.2455168871        1.1114532714
       -0.7784864268        0.0000000000       -1.9033688105
        0.0000000000        0.1610494653       -0.0000000000
       -0.0000000000       -5.3848179095       -0.0000000000
        0.0000000000        4.0195268251        0.0000000000
        0.0815236514       -0.5542092351       -0.3151962448
       -0.0815236514       -0.5542092351        0.3151962448
        0.0000000000        0.1333282297        0.0000000000
        1.6988404659       -0.0000000000       -2.1950683426
        2.8239012153       -0.0000000000       -0.0226556500
       -2.6431918329        0.0000000000        0.7545601234
        0.1616980693       -0.0531920420        0.5844498255
        0.1616980693        0.0531920420        0.5844498255
       -0.0013328419       -0.0000000000       -0.3023947150
        1.6908156434       -0.0000000000       -1.3034480494
      -10.1660326056        0.0000000000       -2.6431918329
        8.7435206802       -0.0000000000        3.4095830778
        0.0788435094       -0.1511321499       -0.9061851714
        0.0788435094        0.1511321499       -0.9061851714
       -0.0772526488       -0.0000000000        2.0338957253
       -0.0000000000        0.9479532897        0.0000000000
        0.0000000000        4.0195268251        0.0000000000
       -0.0000000000       -4.8975368396       -0.0000000000
        0.0484547184        0.4969353829       -0.3038629471
       -0.0484547184        0.4969353829        0.3038629471
       -0.0000000000       -0.8843669132       -0.0000000000
       -1.4570988116        0.0000000000        1.1307798369
       -4.9431877739        0.0000000000        0.7545601234
        3.4095830778       -0.0000000000       -1.4348655680
       -0.2134844710        0.0338910419       -0.3796791828
       -0.2134844710       -0.0338910419       -0.3796791828
        0.8010278096       -0.0000000000        0.2339827099
       -9.3577597970        5.6626404327        1.5542308171
       -0.1894771473        0.0815236514        0.1616980693
        0.0788435094        0.0484547184       -0.2134844710
        7.3273599759       -2.6999685830       -0.8710245719
       -0.7419818154        0.4336435946       -0.0823410884
        4.2381094893       -1.5950001870        0.8288095308
        5.5651990989      -15.6894827907       -2.2604456970
        0.2455168871       -0.5542092351       -0.0531920420
       -0.1511321499        0.4969353829        0.0338910419
       -2.6999685830       10.6750786418        1.6827997384
       -0.4336435946        3.1799026692        0.1920608507
       -1.4908587244        0.4736487509       -0.4294278131
        1.6692766023       -3.1310875755       -8.9034698989
        1.1114532714       -0.3151962448        0.5844498255
       -0.9061851714       -0.3038629471       -0.3796791828
       -0.8710245719        1.6827997384       10.8364764144
       -0.0823410884       -0.1920608507       -1.0884948733
        0.6818311815       -0.1908786948       -1.1941793899
       -9.3577597970       -5.6626404327        1.5542308171
       -0.1894771473       -0.0815236514        0.1616980693
        0.0788435094       -0.0484547184       -0.2134844710
       -0.7419818154       -0.4336435946       -0.0823410884
        7.3273599759        2.6999685830       -0.8710245719
        4.2381094893        1.5950001870        0.8288095308
       -5.5651990989      -15.6894827907        2.2604456970
       -0.2455168871       -0.5542092351        0.0531920420
        0.1511321499        0.4969353829       -0.0338910419
        0.4336435946        3.1799026692       -0.1920608507
        2.6999685830       10.6750786418       -1.6827997384
        1.4908587244        0.4736487509        0.4294278131
        1.6692766023        3.1310875755       -8.9034698989
        1.1114532714        0.3151962448        0.5844498255
       -0.9061851714        0.3038629471       -0.3796791828
       -0.0823410884        0.1920608507       -1.0884948733
       -0.8710245719       -1.6827997384       10.8364764144
        0.6818311815        0.1908786948       -1.1941793899
      -19.5723854819        0.0000000000       -4.6992184565
       -0.7784864268        0.0000000000       -0.0013328419
       -0.0772526488       -0.0000000000        0.8010278096
        4.2381094893       -1.4908587244        0.6818311815
        4.2381094893        1.4908587244        0.6818311815
       11.9332757286       -0.0000000000        2.5368835328
        0.0000000000       -5.7958294904        0.0000000000
        0.0000000000        0.1333282297       -0.0000000000
       -0.0000000000       -0.8843669132       -0.0000000000
       -1.5950001870        0.4736487509       -0.1908786948
        1.5950001870        0.4736487509        0.1908786948
       -0.0000000000        5.5995706721       -0.0000000000
       -4.6644944004        0.0000000000       -8.4325668305
       -1.9033688105        0.0000000000       -0.3023947150
        2.0338957253       -0.0000000000        0.2339827099
        0.8288095308       -0.4294278131       -1.1941793899
        0.8288095308        0.4294278131       -1.1941793899
        2.5368835328       -0.0000000000       10.9079674655
