    6   18
       27.4981684914        2.4575938766        0.0000000000
       -2.0443132439        1.0481522677        0.0000000000
        0.9814174666       -1.2645162420        0.0000000000
       -8.8534070815       -1.8804623063       -0.9760449153
       -8.7284589911        1.5196947574        0.0000000000
       -8.8534070815       -1.8804623063        0.9760449153
        2.4575938766       37.8555596050        0.0000000000
        1.7313002883       -1.6035998138        0.0000000000
       -1.4181670042        1.8401780137        0.0000000000
       -1.8055773856      -14.2796839227        2.8403521372
        1.6347405426       -9.5327707048        0.0000000000
       -1.8055773856      -14.2796839227       -2.8403521372
        0.0000000000        0.0000000000       36.0657943857
        0.0000000000        0.0000000000        0.1610494653
        0.0000000000        0.0000000000        0.9479532897
       -1.4080420023        2.9128541396      -10.7426561405
        0.0000000000        0.0000000000      -15.6894827907
        1.4080420023       -2.9128541396      -10.7426561405
       -2.0443132439        1.7313002883        0.0000000000
        0.3153768609        3.3355776974        0.0000000000
        0.3066773149       -3.2179346774        0.0000000000
        0.1218730732        0.0469332687       -0.0198291929
        0.6517866996        0.1155294673        0.0000000000
        0.1218730732        0.0469332687        0.0198291929
        1.0481522677       -1.6035998138        0.0000000000
        3.3355776974        9.3008869086        0.0000000000
       -5.5179306183       -9.7181497971        0.0000000000
       -0.4292071146       -0.4648273050        0.1240313948
        1.0652846694       -0.2568140214        0.0000000000
       -0.4292071146       -0.4648273050       -0.1240313948
        0.0000000000        0.0000000000        0.1610494653
        0.0000000000        0.0000000000       -5.3848179095
        0.0000000000        0.0000000000        4.0195268251
       -0.1551276787        0.0493365779       -0.2104405027
        0.0000000000        0.0000000000       -0.5542092351
        0.1551276787       -0.0493365779       -0.2104405027
        0.9814174666       -1.4181670042        0.0000000000
        0.3066773149       -5.5179306183        0.0000000000
       -1.0311897209        3.9460196737        0.0000000000
       -0.0257018218        0.2952258398        0.0127792211
       -0.4395653547       -0.1850341666        0.0000000000
       -0.0257018218        0.2952258398       -0.0127792211
       -1.2645162420        1.8401780137        0.0000000000
       -3.2179346774       -9.7181497971        0.0000000000
        3.9460196737        8.3398448332        0.0000000000
        0.5653094475       -0.0463509844       -0.0763811094
       -0.8777348670        0.1387296813        0.0000000000
        0.5653094475       -0.0463509844        0.0763811094
        0.0000000000        0.0000000000        0.9479532897
        0.0000000000        0.0000000000        4.0195268251
        0.0000000000        0.0000000000       -4.8975368396
       -0.1503755930        0.0325164361       -0.1937157652
        0.0000000000        0.0000000000        0.4969353829
        0.1503755930       -0.0325164361       -0.1937157652
       -8.8534070815       -1.8055773856       -1.4080420023
        0.1218730732       -0.4292071146       -0.1551276787
       -0.0257018218        0.5653094475       -0.1503755930
       10.9596406822        0.7599761771        0.7661597635
       -1.0958386736        0.5293077333       -0.3392438549
       -1.0952123472        1.0480133254        0.1162419965
       -1.8804623063      -14.2796839227        2.9128541396
        0.0469332687       -0.4648273050        0.0493365779
        0.2952258398       -0.0463509844        0.0325164361
        0.7599761771        9.5428991101       -1.3940626040
        0.4558185586        1.7025653789       -0.5107852821
        1.0480133254        4.1391424467       -0.0585284528
       -0.9760449153        2.8403521372      -10.7426561405
       -0.0198291929        0.1240313948       -0.2104405027
        0.0127792211       -0.0763811094       -0.1937157652
        0.7661597635       -1.3940626040        8.1373246569
       -0.0549922071       -1.0128302448        1.8267757100
       -0.1162419965        0.0585284528        0.4736487509
       -8.7284589911        1.6347405426        0.0000000000
        0.6517866996        1.0652846694        0.0000000000
       -0.4395653547       -0.8777348670        0.0000000000
       -1.0958386736        0.4558185586       -0.0549922071
       10.7306226560       -1.0577957980        0.0000000000
       -1.0958386736        0.4558185586        0.0549922071
        1.5196947574       -9.5327707048        0.0000000000
        0.1155294673       -0.2568140214        0.0000000000
       -0.1850341666        0.1387296813        0.0000000000
        0.5293077333        1.7025653789       -1.0128302448
       -1.0577957980        7.4332137343        0.0000000000
        0.5293077333        1.7025653789        1.0128302448
        0.0000000000        0.0000000000      -15.6894827907
        0.0000000000        0.0000000000       -0.5542092351
        0.0000000000        0.0000000000        0.4969353829
       -0.3392438549       -0.5107852821        1.8267757100
        0.0000000000        0.0000000000       10.6750786418
        0.3392438549        0.5107852821        1.8267757100
       -8.8534070815       -1.8055773856        1.4080420023
        0.1218730732       -0.4292071146        0.1551276787
       -0.0257018218        0.5653094475        0.1503755930
       -1.0952123472        1.0480133254       -0.1162419965
       -1.0958386736        0.5293077333        0.3392438549
       10.9596406822        0.7599761771       -0.7661597635
       -1.8804623063      -14.2796839227       -2.9128541396
        0.0469332687       -0.4648273050       -0.0493365779
        0.2952258398       -0.0463509844       -0.0325164361
        1.0480133254        4.1391424467        0.0585284528
        0.4558185586        1.7025653789        0.5107852821
        0.7599761771        9.5428991101        1.3940626040
        0.9760449153       -2.8403521372      -10.7426561405
        0.0198291929       -0.1240313948       -0.2104405027
       -0.0127792211        0.0763811094       -0.1937157652
        0.1162419965       -0.0585284528        0.4736487509
        0.0549922071        1.0128302448        1.8267757100
       -0.7661597635        1.3940626040        8.1373246569
