0.580817383054E+00 0.203724163660E+00 -.628046560826E+00
-.672594338049E-01 0.626070827740E+00 -.365961004730E-01
0.147134204644E+00 -.243345098425E+01 0.478657972608E-14
-.672594338049E-01 0.626070827740E+00 0.365961004730E-01
0.203724163660E+00 0.116614081522E+02 -.234648367223E+01
-.280523189002E-01 -.236589144699E+01 -.585033285099E+00
0.737456559891E+00 0.356756214206E+01 -.389134894450E-13
-.280523189002E-01 -.236589144699E+01 0.585033285099E+00
-.628046560826E+00 -.234648367223E+01 -.456616537682E+01
0.427715846833E+00 0.330123400058E+01 -.737911152413E+00
-.438634907609E+00 -.367871756636E+01 0.590942347090E-14
0.427715846833E+00 0.330123400058E+01 0.737911152413E+00
-.672594338049E-01 -.280523189002E-01 0.427715846833E+00
0.104188614418E+02 0.244717242346E+01 -.138918918960E+00
-.148581462802E+01 -.745754880848E+00 -.263935172117E+01
-.210257514579E+00 -.167309399497E+01 0.362538301852E+01
0.626070827740E+00 -.236589144699E+01 0.330123400058E+01
0.244717242346E+01 0.276852644788E+02 0.526667057577E+01
0.456458051110E-01 0.293493941725E+01 -.232009221145E+01
-.167309399497E+01 0.664108857000E+01 0.204536881286E+01
-.365961004730E-01 -.585033285099E+00 -.737911152413E+00
-.138918918960E+00 0.526667057577E+01 0.204070343833E+02
0.839243943342E+00 0.714896259224E+01 -.105418467327E+02
-.362538301852E+01 -.204536881286E+01 -.127197677253E+02
0.147134204644E+00 0.737456559891E+00 -.438634907609E+00
-.148581462802E+01 0.456458051110E-01 0.839243943342E+00
0.650252548430E+01 0.162061527985E+01 -.243464140615E-13
-.148581462802E+01 0.456458051110E-01 -.839243943342E+00
-.243345098425E+01 0.356756214206E+01 -.367871756636E+01
-.745754880848E+00 0.293493941725E+01 0.714896259224E+01
0.162061527985E+01 0.289830702053E+02 0.403376209358E-14
-.745754880848E+00 0.293493941725E+01 -.714896259224E+01
0.446170878021E-14 -.386496390448E-13 0.510702591328E-14
-.263935172117E+01 -.232009221145E+01 -.105418467327E+02
-.242583730881E-13 0.421884749358E-14 0.221891083970E+02
0.263935172117E+01 0.232009221145E+01 -.105418467327E+02
-.672594338049E-01 -.280523189002E-01 0.427715846833E+00
-.210257514579E+00 -.167309399497E+01 -.362538301852E+01
-.148581462802E+01 -.745754880848E+00 0.263935172117E+01
0.104188614418E+02 0.244717242346E+01 0.138918918960E+00
0.626070827740E+00 -.236589144699E+01 0.330123400058E+01
-.167309399497E+01 0.664108857000E+01 -.204536881286E+01
0.456458051110E-01 0.293493941725E+01 0.232009221145E+01
0.244717242346E+01 0.276852644788E+02 -.526667057577E+01
0.365961004730E-01 0.585033285099E+00 0.737911152413E+00
0.362538301852E+01 0.204536881286E+01 -.127197677253E+02
-.839243943342E+00 -.714896259224E+01 -.105418467327E+02
0.138918918960E+00 -.526667057577E+01 0.204070343833E+02
