rCOe                                    9          1.42319134
rOHe                                    9          0.95654986
rCH                                     9          1.09056627
aHOC                                    9        107.59398360
aHCO                                    9        110.27218224
a1                                      0          2.16893551
a2                                      0          2.57276067
b1                                      0          1.78266276
 f   0   0   0   0   0   0   0   0   0   0   0   0   9  -25373694.96589307
 f   0   0   0   0   0   0   0   0   0   0   0   3   9        128.02472314
 f   0   0   0   0   0   0   0   0   0   0   0   6   9          0.65194487
 f   0   0   0   0   0   0   0   0   0   0   0   9   9         -0.00335130
 f   0   0   0   0   0   0   0   0   0   0   0  12   9          0.00182756
 f   0   0   0   0   0   0   0   0   0   0   0  15   9         -0.00449948
 f   0   0   0   0   0   0   0   0   0   0   0  18   9          0.00138051
 f   2   0   0   0   0   0   0   0   0   0   0   0   9      29512.83806016
 f   3   0   0   0   0   0   0   0   0   0   0   0   9       3617.14839847
 f   4   0   0   0   0   0   0   0   0   0   0   0   9       2924.92129807
 f   5   0   0   0   0   0   0   0   0   0   0   0   9       1767.38022609
 f   6   0   0   0   0   0   0   0   0   0   0   0   9       1219.81012991
 f   7   0   0   0   0   0   0   0   0   0   0   0   9        794.70844724
 f   8   0   0   0   0   0   0   0   0   0   0   0   9        251.98088151
 f   0   2   0   0   0   0   0   0   0   0   0   0   9      32125.58235597
 f   0   3   0   0   0   0   0   0   0   0   0   0   9       2830.69909981
 f   0   4   0   0   0   0   0   0   0   0   0   0   9       3154.07916203
 f   0   5   0   0   0   0   0   0   0   0   0   0   9       1813.77292240
 f   0   6   0   0   0   0   0   0   0   0   0   0   9       1292.15272724
 f   0   7   0   0   0   0   0   0   0   0   0   0   9        889.62986311
 f   0   8   0   0   0   0   0   0   0   0   0   0   9        310.97109384
 f   0   0   2   0   0   0   0   0   0   0   0   0   9     124446.94675328
 f   0   0   3   0   0   0   0   0   0   0   0   0   9     -11640.72274461
 f   0   0   4   0   0   0   0   0   0   0   0   0   9       8858.78805247
 f   0   0   5   0   0   0   0   0   0   0   0   0   9       2756.58330768
 f   0   0   6   0   0   0   0   0   0   0   0   0   9       2027.85177616
 f   0   0   7   0   0   0   0   0   0   0   0   0   9        989.07122478
 f   0   0   8   0   0   0   0   0   0   0   0   0   9        479.98402201
 f   0   0   0   1   0   0   0   0   0   0   0   1   9       2252.97065428
 f   0   0   0   2   0   0   0   0   0   0   0   1   9       2506.41673505
 f   0   0   0   3   0   0   0   0   0   0   0   1   9       1656.92853013
 f   0   0   0   4   0   0   0   0   0   0   0   1   9        884.60656597
 f   0   0   0   5   0   0   0   0   0   0   0   1   9        337.72623025
 f   0   0   0   6   0   0   0   0   0   0   0   1   9        331.45096102
 f   0   0   0   7   0   0   0   0   0   0   0   1   9        -94.57678275
 f   0   0   0   8   0   0   0   0   0   0   0   1   9      -1063.32998646
 f   0   0   0   0   0   2   0   0   0   0   0   0   9      19848.84138405
 f   0   0   0   0   0   3   0   0   0   0   0   0   9      -7694.04526778
 f   0   0   0   0   0   4   0   0   0   0   0   0   9      -1259.56313944
 f   0   0   0   0   0   5   0   0   0   0   0   0   9       -419.58633684
 f   0   0   0   0   0   6   0   0   0   0   0   0   9       -272.47788486
 f   0   0   0   0   0   7   0   0   0   0   0   0   9       -463.48183241
 f   0   0   0   0   0   8   0   0   0   0   0   0   9        592.98302532
 f   0   0   0   0   0   0   2   0   0   0   0   0   9      85053.30055364
 f   0   0   0   0   0   0   3   0   0   0   0   0   9     -12084.96754020
 f   0   0   0   0   0   0   4   0   0   0   0   0   9       7266.67495548
 f   0   0   0   0   0   0   5   0   0   0   0   0   9      -1494.89171886
 f   0   0   0   0   0   0   6   0   0   0   0   0   9      -3102.06933329
 f   0   0   0   0   0   0   7   0   0   0   0   0   9       3251.57609811
 f   0   0   0   0   0   0   8   0   0   0   0   0   9      -2047.64252835
 f   0   0   0   0   0   0   0   1   0   0   0   1   9      11067.07627768
 f   0   0   0   0   0   0   0   2   0   0   0   1   9      -5635.78440621
 f   0   0   0   0   0   0   0   3   0   0   0   1   9       3268.29579699
 f   0   0   0   0   0   0   0   4   0   0   0   1   9      -1827.64504412
 f   0   0   0   0   0   0   0   5   0   0   0   1   9          8.14305611
 f   0   0   0   0   0   0   0   6   0   0   0   1   9        290.22232732
 f   0   0   0   0   0   0   0   7   0   0   0   1   9       -191.98489303
 f   0   0   0   0   0   0   0   8   0   0   0   1   9        -93.03541016
 f   0   0   0   0   0   0   0   0   0   1   0   1   9        363.22778387
 f   0   0   0   0   0   0   0   0   0   2   0   0   9      19629.45837153
 f   0   0   0   0   0   0   0   0   0   2   0   1   9        269.09172016
 f   0   0   0   0   0   0   0   0   0   1   2   0   9       6065.53931730
 h   0   0   0   0   0   0   0   0   0   2   1  -1   9       -118.06735279
 f   0   0   0   0   0   0   0   0   0   4   0   0   9        109.82077343
 f   0   0   0   0   0   0   0   0   0   4   0   1   9        -12.66683431
 f   0   0   0   0   0   0   0   0   0   5   0   0   9        -31.38428612
 f   0   0   0   0   0   0   0   0   0   4   2   0   9       -752.62100664
 f   0   0   0   0   0   0   0   0   0   2   4   0   9       -307.27936248
 f   0   0   0   0   0   0   0   0   0   7   0   0   9       -133.68197928
 f   0   0   0   0   0   0   0   0   0   8   0   0   9         92.61349152
 f   0   0   0   0   0   0   0   0   0   8   0   1   9         23.87289039
 f   1   0   0   0   0   0   0   0   0   0   0   3   9       -284.60216394
 f   1   0   0   0   0   0   0   0   0   0   0   6   9         -1.84108447
 f   1   0   0   0   0   0   0   0   0   0   0   9   9         -0.02351335
 f   1   0   0   0   0   0   0   0   0   0   0  12   9          0.00374287
 f   2   0   0   0   0   0   0   0   0   0   0   3   9        166.73961997
 f   2   0   0   0   0   0   0   0   0   0   0   6   9          1.97668557
 f   2   0   0   0   0   0   0   0   0   0   0   9   9          0.05545497
 f   3   0   0   0   0   0   0   0   0   0   0   3   9         -6.69611726
 f   3   0   0   0   0   0   0   0   0   0   0   6   9         -1.05869981
 f   3   0   0   0   0   0   0   0   0   0   0   9   9          0.05001448
 f   4   0   0   0   0   0   0   0   0   0   0   3   9         -1.59872344
 f   4   0   0   0   0   0   0   0   0   0   0   6   9          0.76095675
 f   5   0   0   0   0   0   0   0   0   0   0   3   9         -1.61215671
 f   1   1   0   0   0   0   0   0   0   0   0   0   9       -751.07353284
 f   2   1   0   0   0   0   0   0   0   0   0   0   9      -1300.56620562
 f   1   2   0   0   0   0   0   0   0   0   0   0   9        267.80516607
 f   3   1   0   0   0   0   0   0   0   0   0   0   9       -202.95267500
 f   2   2   0   0   0   0   0   0   0   0   0   0   9       -795.03108155
 f   1   3   0   0   0   0   0   0   0   0   0   0   9        295.70562838
 f   4   1   0   0   0   0   0   0   0   0   0   0   9        -46.22184320
 f   3   2   0   0   0   0   0   0   0   0   0   0   9       -221.98378538
 f   2   3   0   0   0   0   0   0   0   0   0   0   9       -503.58074607
 f   1   4   0   0   0   0   0   0   0   0   0   0   9        473.07879707
 f   3   3   0   0   0   0   0   0   0   0   0   0   9       -167.35374769
 f   2   4   0   0   0   0   0   0   0   0   0   0   9       -461.62347471
 f   1   5   0   0   0   0   0   0   0   0   0   0   9        582.81104315
 f   6   1   0   0   0   0   0   0   0   0   0   0   9        -30.80622240
 f   5   2   0   0   0   0   0   0   0   0   0   0   9        409.71657467
 f   4   3   0   0   0   0   0   0   0   0   0   0   9        -67.88592782
 f   3   4   0   0   0   0   0   0   0   0   0   0   9        729.05475516
 f   2   5   0   0   0   0   0   0   0   0   0   0   9       -628.39607555
 f   7   1   0   0   0   0   0   0   0   0   0   0   9       -172.79671615
 f   5   3   0   0   0   0   0   0   0   0   0   0   9        485.93683084
 f   3   5   0   0   0   0   0   0   0   0   0   0   9        602.90767193
 f   2   6   0   0   0   0   0   0   0   0   0   0   9       -372.39129853
 f   1   7   0   0   0   0   0   0   0   0   0   0   9       -213.58067037
 f   1   0   1   0   0   0   0   0   0   0   0   0   9       7881.61633225
 f   2   0   1   0   0   0   0   0   0   0   0   0   9      -4911.50057039
 f   1   0   2   0   0   0   0   0   0   0   0   0   9       8211.21050003
 f   3   0   1   0   0   0   0   0   0   0   0   0   9       -661.58533730
 f   2   0   2   0   0   0   0   0   0   0   0   0   9      -2656.55009800
 f   1   0   3   0   0   0   0   0   0   0   0   0   9       4642.69113364
 f   4   0   1   0   0   0   0   0   0   0   0   0   9       -263.60611754
 f   3   0   2   0   0   0   0   0   0   0   0   0   9       -586.82557630
 f   2   0   3   0   0   0   0   0   0   0   0   0   9      -1067.75033201
 f   1   0   4   0   0   0   0   0   0   0   0   0   9       2767.60139365
 f   5   0   1   0   0   0   0   0   0   0   0   0   9       -296.16484849
 f   4   0   2   0   0   0   0   0   0   0   0   0   9       -446.22325842
 f   3   0   3   0   0   0   0   0   0   0   0   0   9       -737.30567046
 f   2   0   4   0   0   0   0   0   0   0   0   0   9         41.64211796
 f   1   0   5   0   0   0   0   0   0   0   0   0   9        642.49865704
 f   6   0   1   0   0   0   0   0   0   0   0   0   9       -184.12818845
 f   5   0   2   0   0   0   0   0   0   0   0   0   9       -491.29614639
 f   4   0   3   0   0   0   0   0   0   0   0   0   9        -25.09521193
 f   3   0   4   0   0   0   0   0   0   0   0   0   9       -766.23351342
 f   2   0   5   0   0   0   0   0   0   0   0   0   9        930.17025398
 f   1   0   6   0   0   0   0   0   0   0   0   0   9      -1091.29811038
 f   1   0   0   1   0   0   0   0   0   0   0   1   9      -5596.29821075
 f   2   0   0   1   0   0   0   0   0   0   0   1   9       1581.32651094
 f   1   0   0   2   0   0   0   0   0   0   0   1   9      -5841.08189916
 f   3   0   0   1   0   0   0   0   0   0   0   1   9       -224.26929167
 f   2   0   0   2   0   0   0   0   0   0   0   1   9        886.42876795
 f   1   0   0   3   0   0   0   0   0   0   0   1   9      -4049.95960367
 f   4   0   0   1   0   0   0   0   0   0   0   1   9       -160.57149107
 f   3   0   0   2   0   0   0   0   0   0   0   1   9        171.82399106
 f   1   0   0   4   0   0   0   0   0   0   0   1   9      -2266.96073338
 f   5   0   0   1   0   0   0   0   0   0   0   1   9         66.16968858
 f   4   0   0   2   0   0   0   0   0   0   0   1   9        -15.64670578
 f   3   0   0   3   0   0   0   0   0   0   0   1   9        505.91222863
 f   2   0   0   4   0   0   0   0   0   0   0   1   9       -914.05094856
 f   1   0   0   5   0   0   0   0   0   0   0   1   9        -46.72771783
 f   3   0   0   4   0   0   0   0   0   0   0   1   9        164.99520437
 f   2   0   0   5   0   0   0   0   0   0   0   1   9      -1925.38099012
 f   1   0   0   6   0   0   0   0   0   0   0   1   9       1688.68341199
 f   1   0   0   0   0   1   0   0   0   0   0   0   9       9635.38583224
 f   2   0   0   0   0   1   0   0   0   0   0   0   9       -390.57225860
 f   1   0   0   0   0   2   0   0   0   0   0   0   9      -9522.19222416
 f   3   0   0   0   0   1   0   0   0   0   0   0   9      -1020.28396124
 f   2   0   0   0   0   2   0   0   0   0   0   0   9      -2038.98893216
 f   1   0   0   0   0   3   0   0   0   0   0   0   9       5273.87893148
 f   4   0   0   0   0   1   0   0   0   0   0   0   9       -674.56093953
 f   3   0   0   0   0   2   0   0   0   0   0   0   9       -309.29375024
 f   2   0   0   0   0   3   0   0   0   0   0   0   9       2974.52496498
 f   1   0   0   0   0   4   0   0   0   0   0   0   9        -99.36286393
 f   5   0   0   0   0   1   0   0   0   0   0   0   9       -532.32080748
 f   4   0   0   0   0   2   0   0   0   0   0   0   9       -562.82760603
 f   3   0   0   0   0   3   0   0   0   0   0   0   9        444.29477794
 f   6   0   0   0   0   1   0   0   0   0   0   0   9      -1590.31444342
 f   5   0   0   0   0   2   0   0   0   0   0   0   9      -1613.13312182
 f   4   0   0   0   0   3   0   0   0   0   0   0   9       -119.78297907
 f   3   0   0   0   0   4   0   0   0   0   0   0   9        941.18976049
 f   2   0   0   0   0   5   0   0   0   0   0   0   9        317.43736223
 f   7   0   0   0   0   1   0   0   0   0   0   0   9      -1657.16695315
 f   6   0   0   0   0   2   0   0   0   0   0   0   9       -997.42136119
 f   5   0   0   0   0   3   0   0   0   0   0   0   9       1611.68163911
 f   4   0   0   0   0   4   0   0   0   0   0   0   9       2059.79715439
 f   3   0   0   0   0   5   0   0   0   0   0   0   9        570.95681202
 f   2   0   0   0   0   6   0   0   0   0   0   0   9       -507.72292332
 f   1   0   0   0   0   7   0   0   0   0   0   0   9       -673.53879957
 f   1   0   0   0   0   0   1   0   0   0   0   0   9      32714.78674557
 f   2   0   0   0   0   0   1   0   0   0   0   0   9       1601.88388728
 f   1   0   0   0   0   0   2   0   0   0   0   0   9     -41492.81507200
 f   3   0   0   0   0   0   1   0   0   0   0   0   9        281.26454469
 f   2   0   0   0   0   0   2   0   0   0   0   0   9      -6506.46325351
 f   1   0   0   0   0   0   3   0   0   0   0   0   9      20941.74635080
 f   4   0   0   0   0   0   1   0   0   0   0   0   9       -227.96093273
 f   3   0   0   0   0   0   2   0   0   0   0   0   9      -3007.43489604
 f   2   0   0   0   0   0   3   0   0   0   0   0   9       2478.15848375
 f   1   0   0   0   0   0   4   0   0   0   0   0   9      -7635.22463754
 f   5   0   0   0   0   0   1   0   0   0   0   0   9      -2644.19608760
 f   4   0   0   0   0   0   2   0   0   0   0   0   9      -4087.52156482
 f   3   0   0   0   0   0   3   0   0   0   0   0   9      -2060.39114284
 f   2   0   0   0   0   0   4   0   0   0   0   0   9      -3894.48215810
 f   1   0   0   0   0   0   5   0   0   0   0   0   9      -3210.46341654
 f   6   0   0   0   0   0   1   0   0   0   0   0   9      -2603.67242902
 f   5   0   0   0   0   0   2   0   0   0   0   0   9      -2673.88018672
 f   4   0   0   0   0   0   3   0   0   0   0   0   9      -1669.26538524
 f   3   0   0   0   0   0   4   0   0   0   0   0   9      -1337.84596430
 f   2   0   0   0   0   0   5   0   0   0   0   0   9       3267.25888501
 f   1   0   0   0   0   0   6   0   0   0   0   0   9       5509.20885825
 f   1   0   0   0   0   0   0   1   0   0   0   1   9      -7040.88662958
 f   2   0   0   0   0   0   0   1   0   0   0   1   9       1516.35769933
 f   1   0   0   0   0   0   0   2   0   0   0   1   9      11015.38003074
 f   3   0   0   0   0   0   0   1   0   0   0   1   9       -371.32043328
 f   2   0   0   0   0   0   0   2   0   0   0   1   9      -2010.09789606
 f   1   0   0   0   0   0   0   3   0   0   0   1   9      -5084.84274047
 f   4   0   0   0   0   0   0   1   0   0   0   1   9       -833.72231766
 f   3   0   0   0   0   0   0   2   0   0   0   1   9      -1289.81038408
 f   2   0   0   0   0   0   0   3   0   0   0   1   9       3819.34385506
 f   1   0   0   0   0   0   0   4   0   0   0   1   9        562.65614216
 f   5   0   0   0   0   0   0   1   0   0   0   1   9      -1437.85906275
 f   4   0   0   0   0   0   0   2   0   0   0   1   9        133.68322188
 f   3   0   0   0   0   0   0   3   0   0   0   1   9       1055.52139117
 f   2   0   0   0   0   0   0   4   0   0   0   1   9      -2870.67265837
 f   1   0   0   0   0   0   0   5   0   0   0   1   9       3511.77607944
 f   6   0   0   0   0   0   0   1   0   0   0   1   9      -1925.16424893
 f   5   0   0   0   0   0   0   2   0   0   0   1   9        494.21424190
 f   4   0   0   0   0   0   0   3   0   0   0   1   9       -636.57641205
 f   3   0   0   0   0   0   0   4   0   0   0   1   9       -923.18810640
 f   2   0   0   0   0   0   0   5   0   0   0   1   9        231.45153303
 f   1   0   0   0   0   0   0   6   0   0   0   1   9      -3248.13653609
 f   1   0   0   0   0   0   0   0   0   1   0   1   9       -793.45049289
 f   2   0   0   0   0   0   0   0   0   1   0   1   9        -94.03404267
 f   1   0   0   0   0   0   0   0   0   2   0   0   9         89.30434007
 f   1   0   0   0   0   0   0   0   0   2   0   1   9        342.66947309
 f   3   0   0   0   0   0   0   0   0   1   0   1   9        -53.01162823
 f   2   0   0   0   0   0   0   0   0   2   0   0   9        196.08089942
 f   2   0   0   0   0   0   0   0   0   2   0   1   9        -75.54951876
 f   1   0   0   0   0   0   0   0   0   1   2   0   9       -181.51119623
 h   1   0   0   0   0   0   0   0   0   2   1  -1   9       1109.79339889
 f   4   0   0   0   0   0   0   0   0   1   0   1   9        -24.78420594
 f   3   0   0   0   0   0   0   0   0   2   0   0   9         63.26624451
 f   3   0   0   0   0   0   0   0   0   2   0   1   9        -47.84570309
 f   2   0   0   0   0   0   0   0   0   1   2   0   9        247.21805444
 h   2   0   0   0   0   0   0   0   0   2   1  -1   9         -6.26261424
 f   1   0   0   0   0   0   0   0   0   4   0   0   9       -235.25735815
 f   1   0   0   0   0   0   0   0   0   4   0   1   9        108.30441065
 f   5   0   0   0   0   0   0   0   0   1   0   1   9         40.70948224
 f   4   0   0   0   0   0   0   0   0   2   0   0   9       -131.59088306
 f   4   0   0   0   0   0   0   0   0   2   0   1   9        -28.87717593
 f   3   0   0   0   0   0   0   0   0   1   2   0   9        134.00234525
 h   3   0   0   0   0   0   0   0   0   2   1  -1   9        -56.35863233
 f   2   0   0   0   0   0   0   0   0   4   0   0   9        -25.79002919
 f   2   0   0   0   0   0   0   0   0   4   0   1   9         -7.59313131
 f   1   0   0   0   0   0   0   0   0   5   0   0   9        -24.42581657
 h   1   0   0   0   0   0   0   0   0   4   1  -1   9         75.57174407
 f   6   0   0   0   0   0   0   0   0   1   0   1   9         43.36223592
 f   5   0   0   0   0   0   0   0   0   2   0   0   9        -95.18322256
 f   5   0   0   0   0   0   0   0   0   2   0   1   9          2.20720313
 f   4   0   0   0   0   0   0   0   0   1   2   0   9        108.78956268
 h   4   0   0   0   0   0   0   0   0   2   1  -1   9       -148.83892783
 f   3   0   0   0   0   0   0   0   0   4   0   0   9        -79.67514995
 f   3   0   0   0   0   0   0   0   0   4   0   1   9         34.18948087
 f   2   0   0   0   0   0   0   0   0   5   0   0   9          8.98476004
 h   2   0   0   0   0   0   0   0   0   4   1  -1   9        -80.42373873
 f   1   0   0   0   0   0   0   0   0   4   2   0   9        115.17066347
 f   1   0   0   0   0   0   0   0   0   2   4   0   9        145.86584740
 f   0   1   0   0   0   0   0   0   0   0   0   3   9        153.67952970
 f   0   1   0   0   0   0   0   0   0   0   0   6   9          0.97556674
 f   0   1   0   0   0   0   0   0   0   0   0   9   9         -0.00058405
 f   0   2   0   0   0   0   0   0   0   0   0   3   9         90.82404628
 f   0   2   0   0   0   0   0   0   0   0   0   6   9          0.90856542
 f   0   2   0   0   0   0   0   0   0   0   0   9   9          0.07465803
 f   0   3   0   0   0   0   0   0   0   0   0   3   9         46.53017445
 f   0   3   0   0   0   0   0   0   0   0   0   6   9          0.79174937
 f   0   3   0   0   0   0   0   0   0   0   0   9   9          0.11578729
 f   0   4   0   0   0   0   0   0   0   0   0   3   9         21.89933709
 f   0   4   0   0   0   0   0   0   0   0   0   6   9          1.27533795
 f   0   4   0   0   0   0   0   0   0   0   0   9   9         -0.27174685
 f   0   5   0   0   0   0   0   0   0   0   0   3   9          3.95030478
 f   0   5   0   0   0   0   0   0   0   0   0   6   9          0.76302157
 f   0   6   0   0   0   0   0   0   0   0   0   3   9        -25.37464246
 f   0   7   0   0   0   0   0   0   0   0   0   3   9        -52.34781839
 f   0   8   0   0   0   0   0   0   0   0   0   3   9        -27.44702806
 f   0   1   1   0   0   0   0   0   0   0   0   0   9       -368.07363825
 f   0   2   1   0   0   0   0   0   0   0   0   0   9        -54.54196687
 f   0   1   2   0   0   0   0   0   0   0   0   0   9       -518.63301682
 f   0   3   1   0   0   0   0   0   0   0   0   0   9         22.59353123
 f   0   2   2   0   0   0   0   0   0   0   0   0   9        -22.76460522
 f   0   1   3   0   0   0   0   0   0   0   0   0   9       -503.13373294
 f   0   4   1   0   0   0   0   0   0   0   0   0   9         25.56026261
 f   0   3   2   0   0   0   0   0   0   0   0   0   9        119.02631686
 f   0   2   3   0   0   0   0   0   0   0   0   0   9        -78.51109123
 f   0   1   4   0   0   0   0   0   0   0   0   0   9       -528.73728652
 f   0   5   1   0   0   0   0   0   0   0   0   0   9        -46.47748819
 f   0   4   2   0   0   0   0   0   0   0   0   0   9         28.23757111
 f   0   3   3   0   0   0   0   0   0   0   0   0   9        -71.98259885
 f   0   2   4   0   0   0   0   0   0   0   0   0   9       -234.28578651
 f   0   1   5   0   0   0   0   0   0   0   0   0   9       -381.64098766
 f   0   6   1   0   0   0   0   0   0   0   0   0   9        -47.70561130
 f   0   5   2   0   0   0   0   0   0   0   0   0   9        -47.71431590
 f   0   4   3   0   0   0   0   0   0   0   0   0   9        -18.44045988
 f   0   3   4   0   0   0   0   0   0   0   0   0   9       -116.75403710
 f   0   2   5   0   0   0   0   0   0   0   0   0   9       -250.49297904
 f   0   1   6   0   0   0   0   0   0   0   0   0   9        147.73976245
 f   0   1   0   1   0   0   0   0   0   0   0   1   9      -1207.88904829
 f   0   2   0   1   0   0   0   0   0   0   0   1   9      -1010.07518523
 f   0   1   0   2   0   0   0   0   0   0   0   1   9       -314.63962366
 f   0   3   0   1   0   0   0   0   0   0   0   1   9       -659.62381784
 f   0   2   0   2   0   0   0   0   0   0   0   1   9       -466.54005428
 f   0   1   0   3   0   0   0   0   0   0   0   1   9        324.47384776
 f   0   4   0   1   0   0   0   0   0   0   0   1   9       -640.26064346
 f   0   3   0   2   0   0   0   0   0   0   0   1   9       -527.08070816
 f   0   2   0   3   0   0   0   0   0   0   0   1   9         57.98980387
 f   0   1   0   4   0   0   0   0   0   0   0   1   9        605.03351706
 f   0   5   0   1   0   0   0   0   0   0   0   1   9      -1265.97801414
 f   0   4   0   2   0   0   0   0   0   0   0   1   9       -836.72797218
 f   0   3   0   3   0   0   0   0   0   0   0   1   9      -1206.52876156
 f   0   2   0   4   0   0   0   0   0   0   0   1   9        -57.16464655
 f   0   1   0   5   0   0   0   0   0   0   0   1   9        -19.52523511
 f   0   6   0   1   0   0   0   0   0   0   0   1   9       -787.36724714
 f   0   5   0   2   0   0   0   0   0   0   0   1   9       -488.66323172
 f   0   4   0   3   0   0   0   0   0   0   0   1   9      -1136.18136942
 f   0   3   0   4   0   0   0   0   0   0   0   1   9       -839.69109113
 f   0   2   0   5   0   0   0   0   0   0   0   1   9       -810.67972752
 f   0   1   0   6   0   0   0   0   0   0   0   1   9       -796.14820290
 f   0   1   0   0   0   1   0   0   0   0   0   0   9       2675.03060714
 f   0   2   0   0   0   1   0   0   0   0   0   0   9       1370.03568883
 f   0   1   0   0   0   2   0   0   0   0   0   0   9       -642.25297285
 f   0   3   0   0   0   1   0   0   0   0   0   0   9        287.77555341
 f   0   2   0   0   0   2   0   0   0   0   0   0   9       -858.86777491
 f   0   1   0   0   0   3   0   0   0   0   0   0   9       1274.73976417
 f   0   4   0   0   0   1   0   0   0   0   0   0   9        138.19507474
 f   0   3   0   0   0   2   0   0   0   0   0   0   9       -362.77897186
 f   0   2   0   0   0   3   0   0   0   0   0   0   9       1208.10857057
 f   0   1   0   0   0   4   0   0   0   0   0   0   9       -284.26012715
 f   0   4   0   0   0   2   0   0   0   0   0   0   9       -707.61669879
 f   0   3   0   0   0   3   0   0   0   0   0   0   9        341.36193474
 f   0   2   0   0   0   4   0   0   0   0   0   0   9        565.02223888
 f   0   1   0   0   0   5   0   0   0   0   0   0   9       1224.25403519
 f   0   6   0   0   0   1   0   0   0   0   0   0   9      -1261.29545990
 f   0   5   0   0   0   2   0   0   0   0   0   0   9      -2333.42163618
 f   0   3   0   0   0   4   0   0   0   0   0   0   9        826.76599301
 f   0   2   0   0   0   5   0   0   0   0   0   0   9       1510.87823010
 f   0   7   0   0   0   1   0   0   0   0   0   0   9      -1114.86351916
 f   0   6   0   0   0   2   0   0   0   0   0   0   9      -2018.55928342
 f   0   4   0   0   0   4   0   0   0   0   0   0   9       1977.72082411
 f   0   3   0   0   0   5   0   0   0   0   0   0   9       1407.62327191
 f   0   2   0   0   0   6   0   0   0   0   0   0   9      -1740.95709795
 f   0   1   0   0   0   7   0   0   0   0   0   0   9      -1342.58290909
 f   0   1   0   0   0   0   1   0   0   0   0   0   9       -288.24831711
 f   0   2   0   0   0   0   1   0   0   0   0   0   9        631.38547074
 f   0   1   0   0   0   0   2   0   0   0   0   0   9      -1242.66852882
 f   0   3   0   0   0   0   1   0   0   0   0   0   9        568.54467581
 f   0   2   0   0   0   0   2   0   0   0   0   0   9      -1446.96784690
 f   0   1   0   0   0   0   3   0   0   0   0   0   9        966.51384898
 f   0   4   0   0   0   0   1   0   0   0   0   0   9        515.87779972
 f   0   3   0   0   0   0   2   0   0   0   0   0   9      -1179.84688152
 f   0   2   0   0   0   0   3   0   0   0   0   0   9        995.77875550
 f   0   1   0   0   0   0   4   0   0   0   0   0   9       -818.93684796
 f   0   5   0   0   0   0   1   0   0   0   0   0   9        682.74304449
 f   0   4   0   0   0   0   2   0   0   0   0   0   9      -1600.68738472
 f   0   3   0   0   0   0   3   0   0   0   0   0   9        697.82740026
 f   0   2   0   0   0   0   4   0   0   0   0   0   9       -998.66662840
 f   0   1   0   0   0   0   5   0   0   0   0   0   9        736.04870135
 f   0   6   0   0   0   0   1   0   0   0   0   0   9        435.49386607
 f   0   5   0   0   0   0   2   0   0   0   0   0   9       -956.92772739
 f   0   4   0   0   0   0   3   0   0   0   0   0   9        178.04554841
 f   0   3   0   0   0   0   4   0   0   0   0   0   9       -760.70768902
 f   0   2   0   0   0   0   5   0   0   0   0   0   9       -112.39044634
 f   0   1   0   0   0   0   6   0   0   0   0   0   9       -357.62166380
 f   0   1   0   0   0   0   0   1   0   0   0   1   9       6645.90136119
 f   0   2   0   0   0   0   0   1   0   0   0   1   9       3313.29712592
 f   0   1   0   0   0   0   0   2   0   0   0   1   9      -2524.95279529
 f   0   3   0   0   0   0   0   1   0   0   0   1   9       1725.91662784
 f   0   2   0   0   0   0   0   2   0   0   0   1   9      -1853.99865429
 f   0   1   0   0   0   0   0   3   0   0   0   1   9        812.20595638
 f   0   4   0   0   0   0   0   1   0   0   0   1   9        945.36198166
 f   0   3   0   0   0   0   0   2   0   0   0   1   9      -1739.13587159
 f   0   2   0   0   0   0   0   3   0   0   0   1   9       1867.23650814
 f   0   1   0   0   0   0   0   4   0   0   0   1   9        850.49088805
 f   0   4   0   0   0   0   0   2   0   0   0   1   9      -3365.46774186
 f   0   3   0   0   0   0   0   3   0   0   0   1   9       2078.40965149
 f   0   2   0   0   0   0   0   4   0   0   0   1   9      -2018.17056072
 f   0   1   0   0   0   0   0   5   0   0   0   1   9      -2006.14830534
 f   0   5   0   0   0   0   0   2   0   0   0   1   9      -1903.28772135
 f   0   4   0   0   0   0   0   3   0   0   0   1   9        869.93097304
 f   0   3   0   0   0   0   0   4   0   0   0   1   9      -2511.46630353
 f   0   2   0   0   0   0   0   5   0   0   0   1   9      -1169.29598087
 f   0   1   0   0   0   0   0   6   0   0   0   1   9        970.56358882
 f   0   1   0   0   0   0   0   0   0   1   0   1   9        136.31859668
 f   0   2   0   0   0   0   0   0   0   1   0   1   9        147.63579500
 f   0   1   0   0   0   0   0   0   0   2   0   0   9        -15.73123991
 f   0   1   0   0   0   0   0   0   0   2   0   1   9        -68.68075175
 f   0   3   0   0   0   0   0   0   0   1   0   1   9         26.22168058
 f   0   2   0   0   0   0   0   0   0   2   0   0   9        -36.07141057
 f   0   2   0   0   0   0   0   0   0   2   0   1   9       -122.21663251
 f   0   1   0   0   0   0   0   0   0   1   2   0   9         41.17792368
 h   0   1   0   0   0   0   0   0   0   2   1  -1   9        353.63384546
 f   0   4   0   0   0   0   0   0   0   1   0   1   9         80.87791709
 f   0   3   0   0   0   0   0   0   0   2   0   0   9        -72.68475207
 f   0   3   0   0   0   0   0   0   0   2   0   1   9       -284.58687397
 f   0   2   0   0   0   0   0   0   0   1   2   0   9        -19.82601386
 h   0   2   0   0   0   0   0   0   0   2   1  -1   9         87.59038354
 f   0   1   0   0   0   0   0   0   0   4   0   0   9         14.59281028
 f   0   1   0   0   0   0   0   0   0   4   0   1   9        -32.58941314
 f   0   5   0   0   0   0   0   0   0   1   0   1   9        610.10071806
 f   0   4   0   0   0   0   0   0   0   2   0   0   9       -268.67763496
 f   0   4   0   0   0   0   0   0   0   2   0   1   9       -534.74394494
 f   0   3   0   0   0   0   0   0   0   1   2   0   9       -131.28828791
 h   0   3   0   0   0   0   0   0   0   2   1  -1   9       -504.70377084
 f   0   2   0   0   0   0   0   0   0   4   0   0   9       -106.60235086
 f   0   2   0   0   0   0   0   0   0   4   0   1   9        -86.79264806
 f   0   1   0   0   0   0   0   0   0   5   0   0   9         62.54292020
 h   0   1   0   0   0   0   0   0   0   4   1  -1   9        -35.68158945
 f   0   6   0   0   0   0   0   0   0   1   0   1   9        427.81067334
 f   0   5   0   0   0   0   0   0   0   2   0   0   9       -138.79948755
 f   0   5   0   0   0   0   0   0   0   2   0   1   9       -498.59959590
 h   0   4   0   0   0   0   0   0   0   2   1  -1   9       -615.10039351
 f   0   3   0   0   0   0   0   0   0   4   0   0   9       -150.33239997
 f   0   3   0   0   0   0   0   0   0   4   0   1   9        182.53779845
 f   0   2   0   0   0   0   0   0   0   5   0   0   9         74.96161915
 f   0   1   0   0   0   0   0   0   0   4   2   0   9         91.60468294
 f   0   1   0   0   0   0   0   0   0   2   4   0   9       -127.24062352
 f   0   0   1   0   0   0   0   0   0   0   0   3   9         50.13656709
 f   0   0   1   0   0   0   0   0   0   0   0   6   9          0.85261145
 f   0   0   1   0   0   0   0   0   0   0   0   9   9         -0.04480016
 f   0   0   1   0   0   0   0   0   0   0   0  12   9         -0.00297509
 f   0   0   2   0   0   0   0   0   0   0   0   3   9        -28.33330707
 f   0   0   2   0   0   0   0   0   0   0   0   6   9          0.66323260
 f   0   0   2   0   0   0   0   0   0   0   0   9   9          0.05515829
 f   0   0   2   0   0   0   0   0   0   0   0  12   9         -0.02382204
 f   0   0   3   0   0   0   0   0   0   0   0   3   9        -46.36544133
 f   0   0   3   0   0   0   0   0   0   0   0   6   9          0.24267584
 f   0   0   3   0   0   0   0   0   0   0   0   9   9          0.46036232
 f   0   0   4   0   0   0   0   0   0   0   0   3   9        -38.42713242
 f   0   0   4   0   0   0   0   0   0   0   0   6   9         -0.66886028
 f   0   0   5   0   0   0   0   0   0   0   0   3   9       -137.36238004
 f   0   0   6   0   0   0   0   0   0   0   0   3   9       -109.58263419
 f   0   0   7   0   0   0   0   0   0   0   0   3   9        308.61741213
 f   0   0   8   0   0   0   0   0   0   0   0   3   9        125.20844436
 f   0   0   0   1   0   0   0   0   0   0   0   2   9      -1989.73493554
 f   0   0   0   1   0   0   0   0   0   0   0   4   9        -45.36167539
 f   0   0   0   1   0   0   0   0   0   0   0   5   9         -8.06511614
 f   0   0   0   1   0   0   0   0   0   0   0   7   9         -0.44090548
 f   0   0   0   1   0   0   0   0   0   0   0   8   9         -0.02935885
 f   0   0   0   1   0   0   0   0   0   0   0  10   9         -0.02390244
 f   0   0   0   1   0   0   0   0   0   0   0  11   9          0.01854832
 f   0   0   0   2   0   0   0   0   0   0   0   2   9      -2327.80231195
 f   0   0   0   2   0   0   0   0   0   0   0   4   9        -33.74812158
 f   0   0   0   2   0   0   0   0   0   0   0   5   9         -5.10317080
 f   0   0   0   2   0   0   0   0   0   0   0   7   9         -0.18169843
 f   0   0   0   2   0   0   0   0   0   0   0   8   9         -0.26574514
 f   0   0   0   2   0   0   0   0   0   0   0  10   9         -0.16079593
 f   0   0   0   2   0   0   0   0   0   0   0  11   9          0.11758935
 f   0   0   0   3   0   0   0   0   0   0   0   2   9      -1907.74562239
 f   0   0   0   3   0   0   0   0   0   0   0   4   9        -48.52361216
 f   0   0   0   3   0   0   0   0   0   0   0   5   9         -1.94878506
 f   0   0   0   3   0   0   0   0   0   0   0   7   9          0.68292709
 f   0   0   0   3   0   0   0   0   0   0   0   8   9         -0.73213882
 f   0   0   0   4   0   0   0   0   0   0   0   2   9      -1332.49918686
 f   0   0   0   4   0   0   0   0   0   0   0   4   9        -52.25001402
 f   0   0   0   4   0   0   0   0   0   0   0   5   9         -4.79922973
 f   0   0   0   5   0   0   0   0   0   0   0   2   9      -1078.47374818
 f   0   0   0   6   0   0   0   0   0   0   0   2   9      -1035.74394149
 f   0   0   0   7   0   0   0   0   0   0   0   2   9        200.75217735
 f   0   0   0   8   0   0   0   0   0   0   0   2   9       1441.30405746
 f   0   0   1   1   0   0   0   0   0   0   0   0   9       2212.96938029
 f   0   0   2   1   0   0   0   0   0   0   0   0   9       3560.25688522
 f   0   0   3   1   0   0   0   0   0   0   0   0   9      -1393.10766571
 f   0   0   2   2   0   0   0   0   0   0   0   0   9       1073.09868828
 f   0   0   4   1   0   0   0   0   0   0   0   0   9      -1380.21839786
 f   0   0   3   2   0   0   0   0   0   0   0   0   9        868.90465512
 f   0   0   5   1   0   0   0   0   0   0   0   0   9      -1208.85192156
 f   0   0   4   2   0   0   0   0   0   0   0   0   9        505.34432060
 f   0   0   3   3   0   0   0   0   0   0   0   0   9        656.31512437
 f   0   0   6   1   0   0   0   0   0   0   0   0   9      -1564.59623413
 f   0   0   5   2   0   0   0   0   0   0   0   0   9       -768.85387490
 f   0   0   4   3   0   0   0   0   0   0   0   0   9        463.96082239
 f   0   0   7   1   0   0   0   0   0   0   0   0   9      -1117.00216574
 f   0   0   6   2   0   0   0   0   0   0   0   0   9      -2696.72258473
 f   0   0   4   4   0   0   0   0   0   0   0   0   9        239.32721397
 f   0   0   1   1   0   0   0   0   0   0   0   1   9        875.56170030
 f   0   0   2   1   0   0   0   0   0   0   0   1   9        -92.46182907
 h   0   0   2   1   0   0   0   0   0   0   0  -1   9       -601.77049742
 f   0   0   3   1   0   0   0   0   0   0   0   1   9       -248.46924367
 h   0   0   3   1   0   0   0   0   0   0   0  -1   9       -220.83061035
 f   0   0   2   2   0   0   0   0   0   0   0   1   9        663.45695034
 f   0   0   4   1   0   0   0   0   0   0   0   1   9       -221.32932012
 h   0   0   4   1   0   0   0   0   0   0   0  -1   9         23.62353618
 f   0   0   3   2   0   0   0   0   0   0   0   1   9         95.12795690
 h   0   0   3   2   0   0   0   0   0   0   0  -1   9       -386.67346887
 f   0   0   5   1   0   0   0   0   0   0   0   1   9       -210.19578735
 h   0   0   5   1   0   0   0   0   0   0   0  -1   9        184.64060860
 f   0   0   4   2   0   0   0   0   0   0   0   1   9       -248.71220627
 h   0   0   4   2   0   0   0   0   0   0   0  -1   9         83.05929332
 f   0   0   3   3   0   0   0   0   0   0   0   1   9        156.47616034
 f   0   0   6   1   0   0   0   0   0   0   0   1   9       -187.11232676
 f   0   0   5   2   0   0   0   0   0   0   0   1   9        -70.80378527
 f   0   0   6   2   0   0   0   0   0   0   0   1   9       -477.43885808
 f   0   0   5   3   0   0   0   0   0   0   0   1   9        113.25505753
 f   0   0   1   0   0   1   0   0   0   0   0   0   9        993.22982919
 f   0   0   1   0   0   2   0   0   0   0   0   0   9      -1276.39362231
 f   0   0   2   0   0   1   0   0   0   0   0   0   9        943.10230900
 f   0   0   1   0   0   3   0   0   0   0   0   0   9       1064.95524688
 f   0   0   2   0   0   2   0   0   0   0   0   0   9      -1683.05607935
 f   0   0   3   0   0   1   0   0   0   0   0   0   9        197.10061900
 f   0   0   1   0   0   4   0   0   0   0   0   0   9       -706.61907722
 f   0   0   2   0   0   3   0   0   0   0   0   0   9        664.69801053
 f   0   0   3   0   0   2   0   0   0   0   0   0   9      -1462.96909558
 f   0   0   4   0   0   1   0   0   0   0   0   0   9         47.33881350
 f   0   0   1   0   0   5   0   0   0   0   0   0   9        171.24177552
 f   0   0   2   0   0   4   0   0   0   0   0   0   9        -41.80501595
 f   0   0   3   0   0   3   0   0   0   0   0   0   9        218.54382918
 f   0   0   4   0   0   2   0   0   0   0   0   0   9       -937.18130215
 f   0   0   5   0   0   1   0   0   0   0   0   0   9       -438.86550491
 f   0   0   1   0   0   6   0   0   0   0   0   0   9         86.12474942
 f   0   0   3   0   0   4   0   0   0   0   0   0   9        200.82192899
 f   0   0   4   0   0   3   0   0   0   0   0   0   9       -300.96248596
 f   0   0   5   0   0   2   0   0   0   0   0   0   9       -360.47761933
 f   0   0   6   0   0   1   0   0   0   0   0   0   9      -1076.39491763
 f   0   0   0   1   0   1   0   0   0   0   0   1   9       2168.75355953
 f   0   0   0   1   0   2   0   0   0   0   0   1   9      -2210.12538227
 f   0   0   0   2   0   1   0   0   0   0   0   1   9        664.80197393
 f   0   0   0   1   0   3   0   0   0   0   0   1   9      -2997.52427313
 f   0   0   0   2   0   2   0   0   0   0   0   1   9      -2910.66823824
 f   0   0   0   3   0   1   0   0   0   0   0   1   9       -432.24161864
 f   0   0   0   1   0   4   0   0   0   0   0   1   9       1160.88857446
 f   0   0   0   2   0   3   0   0   0   0   0   1   9      -1047.88826923
 f   0   0   0   3   0   2   0   0   0   0   0   1   9      -2702.35717556
 f   0   0   0   4   0   1   0   0   0   0   0   1   9       -749.02365411
 f   0   0   0   1   0   5   0   0   0   0   0   1   9      -1139.58619557
 f   0   0   0   2   0   4   0   0   0   0   0   1   9       -444.65621930
 f   0   0   0   3   0   3   0   0   0   0   0   1   9       1044.86009346
 f   0   0   0   4   0   2   0   0   0   0   0   1   9      -1799.73771987
 f   0   0   0   5   0   1   0   0   0   0   0   1   9       -716.05519096
 f   0   0   0   1   0   6   0   0   0   0   0   1   9        802.74744018
 f   0   0   0   2   0   5   0   0   0   0   0   1   9        550.90253603
 f   0   0   0   3   0   4   0   0   0   0   0   1   9       -644.90103971
 f   0   0   0   4   0   3   0   0   0   0   0   1   9        964.94417942
 f   0   0   0   5   0   2   0   0   0   0   0   1   9      -1322.24550247
 f   0   0   0   6   0   1   0   0   0   0   0   1   9       -490.26509592
 f   0   0   1   0   0   0   1   0   0   0   0   0   9      -5618.88568654
 f   0   0   1   0   0   0   0   1   0   0   0   0   9      -8890.38340883
 f   0   0   1   0   0   0   0   1   0   0   0   1   9       -487.48070611
 f   0   0   0   1   0   0   0   1   0   0   0   1   9       2996.93441839
 f   0   0   2   0   0   0   1   0   0   0   0   0   9      -1984.62926097
 f   0   0   2   0   0   0   0   1   0   0   0   0   9      -6916.50573889
 f   0   0   2   0   0   0   0   1   0   0   0   1   9       -511.12542056
 f   0   0   0   2   0   0   0   1   0   0   0   1   9      -1246.87727859
 f   0   0   1   0   0   0   2   0   0   0   0   0   9     -15918.33619031
 f   0   0   1   0   0   0   0   2   0   0   0   0   9      -6974.89318219
 f   0   0   1   0   0   0   0   2   0   0   0   1   9       -616.52968647
 f   0   0   0   1   0   0   0   2   0   0   0   1   9      -5424.65212486
 f   0   0   3   0   0   0   1   0   0   0   0   0   9       -226.57714954
 f   0   0   3   0   0   0   0   1   0   0   0   0   9      -4002.32511387
 f   0   0   3   0   0   0   0   1   0   0   0   1   9       -638.04873487
 f   0   0   0   3   0   0   0   1   0   0   0   1   9      -3208.62248167
 f   0   0   2   0   0   0   2   0   0   0   0   0   9     -17607.54860352
 f   0   0   2   0   0   0   0   2   0   0   0   0   9      -8281.50349108
 f   0   0   0   2   0   0   0   2   0   0   0   1   9      -1704.62392376
 f   0   0   1   0   0   0   3   0   0   0   0   0   9      -2256.23692625
 f   0   0   1   0   0   0   0   3   0   0   0   0   9      -4261.38863039
 f   0   0   1   0   0   0   0   3   0   0   0   1   9         10.05012465
 f   0   0   0   1   0   0   0   3   0   0   0   1   9       6563.57968359
 f   0   0   4   0   0   0   1   0   0   0   0   0   9        793.27215240
 f   0   0   4   0   0   0   0   1   0   0   0   0   9      -1185.31167492
 f   0   0   4   0   0   0   0   1   0   0   0   1   9       1637.44930510
 f   0   0   0   4   0   0   0   1   0   0   0   1   9      -1917.74833956
 f   0   0   3   0   0   0   2   0   0   0   0   0   9     -14676.15081403
 f   0   0   3   0   0   0   0   2   0   0   0   0   9      -7776.10277885
 f   0   0   3   0   0   0   0   2   0   0   0   1   9      -2456.43339654
 f   0   0   0   3   0   0   0   2   0   0   0   1   9       2058.65007343
 f   0   0   2   0   0   0   3   0   0   0   0   0   9      -1382.59099262
 f   0   0   2   0   0   0   0   3   0   0   0   0   9      -4207.81759695
 f   0   0   0   2   0   0   0   3   0   0   0   1   9       8236.07216916
 f   0   0   1   0   0   0   4   0   0   0   0   0   9       4780.50918693
 f   0   0   1   0   0   0   0   4   0   0   0   0   9         70.60437476
 f   0   0   1   0   0   0   0   4   0   0   0   1   9       -329.94416250
 f   0   0   0   1   0   0   0   4   0   0   0   1   9      -2609.11528756
 f   0   0   5   0   0   0   1   0   0   0   0   0   9       1333.88886112
 f   0   0   5   0   0   0   0   1   0   0   0   0   9       6972.93500062
 f   0   0   5   0   0   0   0   1   0   0   0   1   9       3660.24076840
 f   0   0   0   5   0   0   0   1   0   0   0   1   9      -5540.88168027
 f   0   0   4   0   0   0   2   0   0   0   0   0   9     -10895.51392789
 f   0   0   4   0   0   0   0   2   0   0   0   0   9      -2801.53325487
 f   0   0   4   0   0   0   0   2   0   0   0   1   9      -8609.31051711
 f   0   0   0   4   0   0   0   2   0   0   0   1   9       3127.59183060
 f   0   0   3   0   0   0   3   0   0   0   0   0   9       -420.26964818
 f   0   0   3   0   0   0   0   3   0   0   0   0   9       -788.54656785
 f   0   0   0   3   0   0   0   3   0   0   0   1   9        802.26370292
 f   0   0   2   0   0   0   4   0   0   0   0   0   9       1964.90208191
 f   0   0   2   0   0   0   0   4   0   0   0   0   9       1145.74344759
 f   0   0   2   0   0   0   0   4   0   0   0   1   9      -3319.27561732
 f   0   0   0   2   0   0   0   4   0   0   0   1   9      -7007.04227010
 f   0   0   1   0   0   0   5   0   0   0   0   0   9       1130.88846668
 f   0   0   1   0   0   0   0   5   0   0   0   0   9        723.61115795
 f   0   0   1   0   0   0   0   5   0   0   0   1   9        156.43833908
 f   0   0   0   1   0   0   0   5   0   0   0   1   9      -2643.36883477
 f   0   0   6   0   0   0   1   0   0   0   0   0   9       2332.86332230
 f   0   0   6   0   0   0   0   1   0   0   0   0   9       3734.69909245
 f   0   0   6   0   0   0   0   1   0   0   0   1   9      -1143.95621609
 f   0   0   0   6   0   0   0   1   0   0   0   1   9      -9559.96860153
 f   0   0   5   0   0   0   2   0   0   0   0   0   9     -11617.22332815
 f   0   0   5   0   0   0   0   2   0   0   0   0   9       -530.76478675
 f   0   0   5   0   0   0   0   2   0   0   0   1   9        804.20255268
 f   0   0   0   5   0   0   0   2   0   0   0   1   9       2439.56719691
 f   0   0   4   0   0   0   3   0   0   0   0   0   9       2389.72286856
 f   0   0   4   0   0   0   0   3   0   0   0   0   9      -2110.22589738
 f   0   0   4   0   0   0   0   3   0   0   0   1   9       -814.96564518
 f   0   0   0   4   0   0   0   3   0   0   0   1   9      -4531.32317258
 f   0   0   3   0   0   0   4   0   0   0   0   0   9      -1226.23504330
 f   0   0   3   0   0   0   0   4   0   0   0   0   9       4339.95842261
 f   0   0   3   0   0   0   0   4   0   0   0   1   9       5632.16260865
 f   0   0   0   3   0   0   0   4   0   0   0   1   9      -6733.93798927
 f   0   0   2   0   0   0   5   0   0   0   0   0   9      -2871.23969848
 f   0   0   2   0   0   0   0   5   0   0   0   0   9        135.78894746
 f   0   0   2   0   0   0   0   5   0   0   0   1   9       1224.98744134
 f   0   0   0   2   0   0   0   5   0   0   0   1   9       3869.23716507
 f   0   0   1   0   0   0   6   0   0   0   0   0   9      -4261.86203844
 f   0   0   1   0   0   0   0   6   0   0   0   0   9      -2002.98502572
 f   0   0   0   1   0   0   0   6   0   0   0   1   9       5235.07841591
 f   0   0   7   0   0   0   1   0   0   0   0   0   9       2233.85588035
 f   0   0   7   0   0   0   0   1   0   0   0   0   9     -11008.30317118
 f   0   0   0   7   0   0   0   1   0   0   0   1   9        287.42565465
 f   0   0   6   0   0   0   2   0   0   0   0   0   9     -12100.90372670
 f   0   0   6   0   0   0   0   2   0   0   0   0   9     -15863.00158065
 f   0   0   0   6   0   0   0   2   0   0   0   1   9       3600.21085177
 f   0   0   5   0   0   0   3   0   0   0   0   0   9       2948.65436441
 f   0   0   5   0   0   0   0   3   0   0   0   0   9       1056.70812633
 f   0   0   0   5   0   0   0   3   0   0   0   1   9      -1351.32305046
 f   0   0   4   0   0   0   4   0   0   0   0   0   9      -4490.53410064
 f   0   0   4   0   0   0   0   4   0   0   0   0   9      12063.93525345
 f   0   0   4   0   0   0   0   4   0   0   0   1   9      15870.95485019
 f   0   0   0   4   0   0   0   4   0   0   0   1   9       1906.58516926
 f   0   0   3   0   0   0   5   0   0   0   0   0   9      -5986.96008513
 f   0   0   3   0   0   0   0   5   0   0   0   0   9      -4312.01240440
 f   0   0   3   0   0   0   0   5   0   0   0   1   9      -2972.27438577
 f   0   0   0   3   0   0   0   5   0   0   0   1   9       5332.21508642
 f   0   0   2   0   0   0   6   0   0   0   0   0   9       1951.73489774
 f   0   0   2   0   0   0   0   6   0   0   0   0   9      -3702.46542469
 f   0   0   0   2   0   0   0   6   0   0   0   1   9      -1558.48175655
 f   0   0   1   0   0   0   7   0   0   0   0   0   9       4459.34889073
 f   0   0   1   0   0   0   0   7   0   0   0   0   9        682.71433492
 f   0   0   0   1   0   0   0   7   0   0   0   1   9      -2185.11435890
 f   0   0   0   1   0   0   0   0   0   1   0   0   9      19201.81697041
 f   0   0   0   1   0   0   0   0   0   1   0   1   9       -676.43375659
 h   0   0   0   1   0   0   0   0   0   1   0  -1   9       -823.44528702
 f   0   0   0   2   0   0   0   0   0   1   0   0   9      15502.50647495
 f   0   0   0   1   0   0   0   0   0   2   0   0   9     -10303.18483514
 f   0   0   0   1   0   0   0   0   0   1   1   0   9       1550.51259756
 f   0   0   0   2   0   0   0   0   0   1   0   1   9      -1208.56627647
 f   0   0   0   1   0   0   0   0   0   2   0   1   9        268.47754515
 f   0   0   0   1   0   0   0   0   0   1   1   1   9        246.43366201
 h   0   0   0   2   0   0   0   0   0   1   0  -1   9       -207.33025752
 h   0   0   0   1   0   0   0   0   0   2   0  -1   9        169.97990950
 f   0   0   0   3   0   0   0   0   0   1   0   0   9       7774.11600930
 f   0   0   0   2   0   0   0   0   0   2   0   0   9      -9675.36799513
 f   0   0   0   2   0   0   0   0   0   1   1   0   9        926.04927019
 f   0   0   0   1   0   0   0   0   0   3   0   0   9       2093.76521910
 f   0   0   0   1   0   0   0   0   0   2   1   0   9      -4083.09222101
 f   0   0   1   0   0   0   0   0   0   1   2   1   9       -289.44218941
 f   0   0   0   3   0   0   0   0   0   1   0   1   9       -921.51975133
 f   0   0   0   2   0   0   0   0   0   2   0   1   9        906.05444288
 f   0   0   0   2   0   0   0   0   0   1   1   1   9        645.48092889
 f   0   0   0   1   0   0   0   0   0   2   1   1   9        349.71753953
 h   0   0   1   0   0   0   0   0   0   2   1  -1   9       -430.20045809
 h   0   0   0   3   0   0   0   0   0   1   0  -1   9        305.53249516
 h   0   0   0   2   0   0   0   0   0   2   0  -1   9          8.92288952
 h   0   0   0   1   0   0   0   0   0   2   1  -1   9       -227.68728997
 f   0   0   2   0   0   0   0   0   0   1   2   0   9      -3588.42974016
 f   0   0   1   0   0   0   0   0   0   4   0   0   9       -981.25061585
 f   0   0   1   0   0   0   0   0   0   2   2   0   9        570.54379712
 f   0   0   0   4   0   0   0   0   0   1   0   0   9       3741.90360625
 f   0   0   0   3   0   0   0   0   0   2   0   0   9      -7427.23081827
 f   0   0   0   3   0   0   0   0   0   1   1   0   9       -681.64502710
 f   0   0   0   2   0   0   0   0   0   2   1   0   9      -3884.83658991
 f   0   0   0   1   0   0   0   0   0   2   2   0   9       4801.79562698
 f   0   0   2   0   0   0   0   0   0   1   2   1   9       -687.61824380
 f   0   0   1   0   0   0   0   0   0   2   2   1   9       -322.68266567
 f   0   0   0   4   0   0   0   0   0   1   0   1   9       -465.15237937
 f   0   0   0   3   0   0   0   0   0   2   0   1   9       1192.10199892
 f   0   0   0   3   0   0   0   0   0   1   1   1   9       1065.62867915
 f   0   0   0   2   0   0   0   0   0   1   2   1   9       -316.84396235
 f   0   0   0   1   0   0   0   0   0   4   0   1   9       -273.19410952
 h   0   0   0   4   0   0   0   0   0   1   0  -1   9        966.32273123
 h   0   0   0   3   0   0   0   0   0   2   0  -1   9       -459.86745319
 f   0   0   2   0   0   0   0   0   0   4   0   0   9       -433.54168778
 f   0   0   2   0   0   0   0   0   0   2   2   0   9       -390.22594410
 f   0   0   0   4   0   0   0   0   0   2   0   0   9      -5346.09720643
 f   0   0   0   4   0   0   0   0   0   1   1   0   9      -1043.14880696
 f   0   0   0   3   0   0   0   0   0   3   0   0   9       3139.06655083
 f   0   0   0   3   0   0   0   0   0   2   1   0   9       -849.38319470
 f   0   0   0   2   0   0   0   0   0   2   2   0   9       1599.21240613
 f   0   0   3   0   0   0   0   0   0   1   2   1   9       -290.36577479
 f   0   0   2   0   0   0   0   0   0   2   2   1   9       -690.54397682
 f   0   0   0   3   0   0   0   0   0   2   1   1   9       -388.83044035
 f   0   0   0   1   0   0   0   0   0   3   2   1   9       -402.71693081
 f   0   0   0   1   0   0   0   0   0   2   3   1   9        551.46588129
 h   0   0   3   0   0   0   0   0   0   2   1  -1   9        325.78050544
 h   0   0   1   0   0   0   0   0   0   2   3  -1   9        592.68026495
 h   0   0   0   5   0   0   0   0   0   1   0  -1   9       1445.62320507
 h   0   0   0   4   0   0   0   0   0   2   0  -1   9         56.49022529
 h   0   0   0   3   0   0   0   0   0   2   1  -1   9       -603.25320298
 f   0   0   2   0   0   0   0   0   0   1   4   0   9       -170.98795186
 f   0   0   2   0   0   0   0   0   0   5   0   0   9       -189.11897573
 f   0   0   1   0   0   0   0   0   0   6   0   0   9       -287.71049590
 f   0   0   0   6   0   0   0   0   0   1   0   0   9      -2850.60489298
 f   0   0   0   5   0   0   0   0   0   2   0   0   9      -4344.62084012
 f   0   0   0   5   0   0   0   0   0   1   1   0   9      -1675.99273633
 f   0   0   0   4   0   0   0   0   0   2   1   0   9      -5513.78209529
 f   0   0   0   4   0   0   0   0   0   1   2   0   9      -2871.93857305
 f   0   0   0   3   0   0   0   0   0   2   2   0   9      -1740.99480499
 f   0   0   0   2   0   0   0   0   0   1   4   0   9       -852.16986155
 f   0   0   0   1   0   0   0   0   0   3   3   0   9      -2944.55480831
 f   0   0   3   0   0   0   0   0   0   4   0   1   9        263.44641807
 f   0   0   3   0   0   0   0   0   0   2   2   1   9      -2183.33645221
 f   0   0   1   0   0   0   0   0   0   6   0   1   9        225.81983263
 f   0   0   0   5   0   0   0   0   0   2   0   1   9      -3287.83168255
 f   0   0   0   5   0   0   0   0   0   1   1   1   9      -2855.80918704
 f   0   0   0   2   0   0   0   0   0   1   4   1   9        -44.55995655
 f   0   0   0   1   0   0   0   0   0   3   3   1   9      -1571.15107810
 h   0   0   0   5   0   0   0   0   0   2   0  -1   9        541.34548434
 h   0   0   0   4   0   0   0   0   0   2   1  -1   9      -1084.35243569
 f   0   0   6   0   0   0   0   0   0   2   0   0   9       2039.74451001
 f   0   0   5   0   0   0   0   0   0   1   2   0   9      -2521.50348445
 f   0   0   3   0   0   0   0   0   0   3   2   0   9       3067.10055908
 f   0   0   3   0   0   0   0   0   0   5   0   0   9       -429.84102133
 f   0   0   3   0   0   0   0   0   0   1   4   0   9      -1491.81408748
 f   0   0   2   0   0   0   0   0   0   4   2   0   9       -467.46976458
 f   0   0   2   0   0   0   0   0   0   2   4   0   9        -84.33266279
 f   0   0   2   0   0   0   0   0   0   6   0   0   9         54.64321524
 f   0   0   1   0   0   0   0   0   0   7   0   0   9        124.29983375
 f   0   0   1   0   0   0   0   0   0   5   2   0   9       -593.97871245
 f   0   0   1   0   0   0   0   0   0   3   4   0   9        408.98135590
 f   0   0   0   6   0   0   0   0   0   2   0   0   9      -5034.27070494
 f   0   0   0   4   0   0   0   0   0   2   2   0   9      -1340.82878712
 f   0   0   0   2   0   0   0   0   0   4   2   0   9        814.61139284
 f   0   0   6   0   0   0   0   0   0   2   0   1   9        121.73063741
 f   0   0   5   0   0   0   0   0   0   1   2   1   9        768.21107216
 f   0   0   4   0   0   0   0   0   0   2   2   1   9       -834.04748226
 f   0   0   3   0   0   0   0   0   0   3   2   1   9      -4503.30188224
 f   0   0   3   0   0   0   0   0   0   5   0   1   9       1462.91990519
 f   0   0   2   0   0   0   0   0   0   4   2   1   9         24.73612461
 f   0   0   2   0   0   0   0   0   0   2   4   1   9        261.72233908
 f   0   0   1   0   0   0   0   0   0   7   0   1   9       -210.41080942
 f   0   0   1   0   0   0   0   0   0   5   2   1   9       1155.41479887
 f   0   0   0   7   0   0   0   0   0   1   0   1   9        205.61610177
 f   0   0   0   6   0   0   0   0   0   2   0   1   9        719.97075744
 f   0   0   0   5   0   0   0   0   0   1   2   1   9       1161.72797061
 f   0   0   0   3   0   0   0   0   0   3   2   1   9      -3238.05426940
 f   0   0   0   1   0   0   0   0   0   7   0   1   9        100.28186893
 h   0   0   0   6   0   0   0   0   0   2   0  -1   9       -906.21925373
 h   0   0   0   5   0   0   0   0   0   1   2  -1   9      -2370.27230900
 f   0   0   0   0   0   1   0   0   0   0   0   3   9       -332.75668256
 f   0   0   0   0   0   1   0   0   0   0   0   6   9         -3.19369654
 f   0   0   0   0   0   2   0   0   0   0   0   3   9        268.03800001
 f   0   0   0   0   0   2   0   0   0   0   0   6   9          5.98213395
 f   0   0   0   0   0   2   0   0   0   0   0   9   9          0.11298654
 f   0   0   0   0   0   3   0   0   0   0   0   3   9         19.12057614
 f   0   0   0   0   0   3   0   0   0   0   0   6   9         -4.58123651
 f   0   0   0   0   0   3   0   0   0   0   0   9   9         -0.13283186
 f   0   0   0   0   0   4   0   0   0   0   0   3   9       -247.77076610
 f   0   0   0   0   0   5   0   0   0   0   0   3   9        343.54007637
 f   0   0   0   0   0   5   0   0   0   0   0   6   9          1.24329090
 f   0   0   0   0   0   6   0   0   0   0   0   3   9       -213.68830564
 f   0   0   0   0   0   7   0   0   0   0   0   3   9        -36.41250822
 f   0   0   0   0   0   8   0   0   0   0   0   3   9         75.45780500
 f   0   0   0   0   0   1   1   0   0   0   0   0   9       4414.42038306
 f   0   0   0   0   0   2   1   0   0   0   0   0   9      -2578.80869070
 f   0   0   0   0   0   1   2   0   0   0   0   0   9      -2720.40911456
 f   0   0   0   0   0   3   1   0   0   0   0   0   9       2105.82936341
 f   0   0   0   0   0   2   2   0   0   0   0   0   9       5938.66562642
 f   0   0   0   0   0   1   3   0   0   0   0   0   9       3429.40436311
 f   0   0   0   0   0   4   1   0   0   0   0   0   9      -1563.12708933
 f   0   0   0   0   0   3   2   0   0   0   0   0   9      -2620.43374888
 f   0   0   0   0   0   2   3   0   0   0   0   0   9      -4583.64673638
 f   0   0   0   0   0   1   4   0   0   0   0   0   9      -3157.99764617
 f   0   0   0   0   0   5   1   0   0   0   0   0   9        -53.06178865
 f   0   0   0   0   0   4   2   0   0   0   0   0   9      -1260.92576633
 f   0   0   0   0   0   3   3   0   0   0   0   0   9       2072.43533508
 f   0   0   0   0   0   2   4   0   0   0   0   0   9       1567.43927378
 f   0   0   0   0   0   1   5   0   0   0   0   0   9       1750.40984503
 f   0   0   0   0   0   6   1   0   0   0   0   0   9        964.50468538
 f   0   0   0   0   0   5   2   0   0   0   0   0   9       2993.54157548
 f   0   0   0   0   0   4   3   0   0   0   0   0   9       2799.33822992
 f   0   0   0   0   0   3   4   0   0   0   0   0   9       2130.85850146
 f   0   0   0   0   0   2   5   0   0   0   0   0   9       3044.88705015
 f   0   0   0   0   0   1   6   0   0   0   0   0   9       -129.87869232
 f   0   0   0   0   0   7   1   0   0   0   0   0   9       -555.95967685
 f   0   0   0   0   0   6   2   0   0   0   0   0   9      -1744.49131567
 f   0   0   0   0   0   5   3   0   0   0   0   0   9      -2301.34174486
 f   0   0   0   0   0   4   4   0   0   0   0   0   9      -1558.12094306
 f   0   0   0   0   0   3   5   0   0   0   0   0   9      -1477.54947823
 f   0   0   0   0   0   2   6   0   0   0   0   0   9      -2070.60873837
 f   0   0   0   0   0   1   7   0   0   0   0   0   9       -289.56412932
 f   0   0   0   0   0   1   0   1   0   0   0   1   9      26591.04969237
 f   0   0   0   0   0   2   0   1   0   0   0   1   9     -11652.64385122
 f   0   0   0   0   0   1   0   2   0   0   0   1   9        529.52590123
 f   0   0   0   0   0   3   0   1   0   0   0   1   9     -18175.81063750
 f   0   0   0   0   0   2   0   2   0   0   0   1   9        260.15624286
 f   0   0   0   0   0   1   0   3   0   0   0   1   9      -6367.85781131
 f   0   0   0   0   0   4   0   1   0   0   0   1   9       1375.28469109
 f   0   0   0   0   0   3   0   2   0   0   0   1   9      10777.59623853
 f   0   0   0   0   0   2   0   3   0   0   0   1   9       9827.40514710
 f   0   0   0   0   0   1   0   4   0   0   0   1   9       3759.17778287
 f   0   0   0   0   0   5   0   1   0   0   0   1   9      -3490.35947991
 f   0   0   0   0   0   4   0   2   0   0   0   1   9      -5974.94813001
 f   0   0   0   0   0   3   0   3   0   0   0   1   9      -2663.55905426
 f   0   0   0   0   0   2   0   4   0   0   0   1   9      -6182.78635262
 f   0   0   0   0   0   1   0   5   0   0   0   1   9      -4161.23224328
 f   0   0   0   0   0   6   0   1   0   0   0   1   9       1511.57937370
 f   0   0   0   0   0   5   0   2   0   0   0   1   9       -943.14830043
 f   0   0   0   0   0   4   0   3   0   0   0   1   9      -1839.10481413
 f   0   0   0   0   0   3   0   4   0   0   0   1   9       1124.84674904
 f   0   0   0   0   0   2   0   5   0   0   0   1   9       5910.73396707
 f   0   0   0   0   0   1   0   6   0   0   0   1   9        895.57621448
 f   0   0   0   0   0   7   0   1   0   0   0   1   9       1690.34997033
 f   0   0   0   0   0   6   0   2   0   0   0   1   9        700.26487724
 f   0   0   0   0   0   5   0   3   0   0   0   1   9        799.79573937
 f   0   0   0   0   0   4   0   4   0   0   0   1   9        412.26122404
 f   0   0   0   0   0   3   0   5   0   0   0   1   9       1562.68715494
 f   0   0   0   0   0   2   0   6   0   0   0   1   9      -2584.03509931
 f   0   0   0   0   0   1   0   7   0   0   0   1   9       -719.74820908
 f   0   0   0   0   0   1   0   0   0   1   0   1   9       -895.89212988
 f   0   0   0   0   0   2   0   0   0   1   0   1   9        127.44091129
 f   0   0   0   0   0   1   0   0   0   2   0   0   9       -195.82153463
 f   0   0   0   0   0   1   0   0   0   2   0   1   9        246.94277478
 f   0   0   0   0   0   3   0   0   0   1   0   1   9       -547.59818772
 f   0   0   0   0   0   2   0   0   0   2   0   0   9        466.73794350
 f   0   0   0   0   0   2   0   0   0   2   0   1   9        168.58767123
 f   0   0   0   0   0   1   0   0   0   1   2   0   9        -61.06955325
 h   0   0   0   0   0   1   0   0   0   2   1  -1   9       1251.69078841
 f   0   0   0   0   0   4   0   0   0   1   0   1   9        688.90622962
 f   0   0   0   0   0   3   0   0   0   2   0   0   9         98.73501102
 f   0   0   0   0   0   3   0   0   0   2   0   1   9        237.78218304
 f   0   0   0   0   0   2   0   0   0   1   2   0   9        179.91518375
 h   0   0   0   0   0   2   0   0   0   2   1  -1   9         49.80523843
 f   0   0   0   0   0   1   0   0   0   4   0   1   9        -53.71915735
 f   0   0   0   0   0   5   0   0   0   1   0   1   9       -234.15979073
 f   0   0   0   0   0   4   0   0   0   2   0   0   9       -297.39283831
 f   0   0   0   0   0   4   0   0   0   2   0   1   9       -370.83331582
 f   0   0   0   0   0   3   0   0   0   1   2   0   9         83.63475206
 h   0   0   0   0   0   3   0   0   0   2   1  -1   9        417.24394094
 f   0   0   0   0   0   2   0   0   0   4   0   0   9        -22.24004226
 f   0   0   0   0   0   2   0   0   0   4   0   1   9        106.81157454
 f   0   0   0   0   0   1   0   0   0   5   0   0   9        -19.24800742
 h   0   0   0   0   0   1   0   0   0   4   1  -1   9        168.23652008
 f   0   0   0   0   0   6   0   0   0   1   0   1   9         58.77011218
 f   0   0   0   0   0   5   0   0   0   2   0   0   9         85.19023948
 f   0   0   0   0   0   5   0   0   0   2   0   1   9         51.25572000
 f   0   0   0   0   0   4   0   0   0   1   2   0   9        -71.56532316
 h   0   0   0   0   0   4   0   0   0   2   1  -1   9       -679.97504105
 f   0   0   0   0   0   3   0   0   0   4   0   0   9         28.60280501
 f   0   0   0   0   0   2   0   0   0   5   0   0   9        -10.22513945
 h   0   0   0   0   0   2   0   0   0   4   1  -1   9       -200.36026612
 f   0   0   0   0   0   1   0   0   0   2   4   0   9         78.20266656
 f   0   0   0   0   0   0   1   0   0   0   0   3   9       -385.67383781
 f   0   0   0   0   0   0   1   0   0   0   0   6   9         -3.01100740
 f   0   0   0   0   0   0   2   0   0   0   0   3   9        534.95001168
 f   0   0   0   0   0   0   2   0   0   0   0   6   9          5.98894504
 f   0   0   0   0   0   0   2   0   0   0   0   9   9          0.03191792
 f   0   0   0   0   0   0   3   0   0   0   0   3   9       -534.34854434
 f   0   0   0   0   0   0   3   0   0   0   0   6   9        -12.00001214
 f   0   0   0   0   0   0   3   0   0   0   0   9   9         -0.17459990
 f   0   0   0   0   0   0   4   0   0   0   0   3   9        381.70892172
 f   0   0   0   0   0   0   4   0   0   0   0   6   9         12.36147872
 f   0   0   0   0   0   0   5   0   0   0   0   3   9       -179.67593977
 f   0   0   0   0   0   0   7   0   0   0   0   3   9        263.78325694
 f   0   0   0   0   0   0   8   0   0   0   0   3   9       -196.43021957
 f   0   0   0   0   0   0   0   1   0   0   0   2   9      -3655.84099820
 f   0   0   0   0   0   0   0   1   0   0   0   4   9        169.27999204
 f   0   0   0   0   0   0   0   1   0   0   0   5   9         11.93991046
 f   0   0   0   0   0   0   0   1   0   0   0   7   9          1.08827983
 f   0   0   0   0   0   0   0   1   0   0   0   8   9         -0.06286235
 f   0   0   0   0   0   0   0   1   0   0   0  10   9          0.04007613
 f   0   0   0   0   0   0   0   1   0   0   0  11   9         -0.03020495
 f   0   0   0   0   0   0   0   2   0   0   0   2   9       2023.74868082
 f   0   0   0   0   0   0   0   2   0   0   0   4   9       -292.17638823
 f   0   0   0   0   0   0   0   2   0   0   0   5   9        -43.67251388
 f   0   0   0   0   0   0   0   2   0   0   0   7   9         -4.20935209
 f   0   0   0   0   0   0   0   2   0   0   0   8   9         -0.92517895
 f   0   0   0   0   0   0   0   2   0   0   0  10   9         -0.07309232
 f   0   0   0   0   0   0   0   2   0   0   0  11   9          0.06008911
 f   0   0   0   0   0   0   0   3   0   0   0   2   9       2945.29529540
 f   0   0   0   0   0   0   0   3   0   0   0   4   9        379.08412049
 f   0   0   0   0   0   0   0   3   0   0   0   5   9         96.95359736
 f   0   0   0   0   0   0   0   3   0   0   0   7   9          6.60105009
 f   0   0   0   0   0   0   0   3   0   0   0   8   9          1.65364893
 f   0   0   0   0   0   0   0   4   0   0   0   2   9      -3344.28091092
 f   0   0   0   0   0   0   0   4   0   0   0   4   9       -211.20540568
 f   0   0   0   0   0   0   0   4   0   0   0   5   9        -93.45703683
 f   0   0   0   0   0   0   0   5   0   0   0   2   9       4432.55403335
 f   0   0   0   0   0   0   0   6   0   0   0   2   9      -3444.74943581
 f   0   0   0   0   0   0   0   7   0   0   0   2   9       1195.03919705
 f   0   0   0   0   0   0   0   8   0   0   0   2   9        128.79875000
 f   0   0   0   0   0   0   1   1   0   0   0   0   9      20656.76738324
 f   0   0   0   0   0   0   2   1   0   0   0   0   9      36658.64711990
 f   0   0   0   0   0   0   3   1   0   0   0   0   9       5363.44644442
 f   0   0   0   0   0   0   2   2   0   0   0   0   9      10660.94042417
 f   0   0   0   0   0   0   4   1   0   0   0   0   9       4328.70218258
 f   0   0   0   0   0   0   5   1   0   0   0   0   9      -1198.08898759
 f   0   0   0   0   0   0   3   3   0   0   0   0   9       -580.66609064
 f   0   0   0   0   0   0   6   1   0   0   0   0   9       3522.14329745
 f   0   0   0   0   0   0   5   2   0   0   0   0   9       8397.21669590
 f   0   0   0   0   0   0   4   3   0   0   0   0   9      22582.55326889
 f   0   0   0   0   0   0   7   1   0   0   0   0   9     -14002.23472676
 f   0   0   0   0   0   0   6   2   0   0   0   0   9       2302.56635474
 f   0   0   0   0   0   0   5   3   0   0   0   0   9      42417.87844710
 f   0   0   0   0   0   0   4   4   0   0   0   0   9      26602.97277584
 f   0   0   0   0   0   0   1   1   0   0   0   1   9       3281.28335136
 f   0   0   0   0   0   0   2   1   0   0   0   1   9       1994.26775702
 h   0   0   0   0   0   0   2   1   0   0   0  -1   9      -1305.32568941
 h   0   0   0   0   0   0   3   1   0   0   0  -1   9       1202.79722513
 f   0   0   0   0   0   0   2   2   0   0   0   1   9       2593.68795288
 f   0   0   0   0   0   0   4   1   0   0   0   1   9       1407.80797329
 h   0   0   0   0   0   0   4   1   0   0   0  -1   9       -880.75181368
 f   0   0   0   0   0   0   3   2   0   0   0   1   9        332.28663181
 h   0   0   0   0   0   0   3   2   0   0   0  -1   9       1535.05235171
 f   0   0   0   0   0   0   5   1   0   0   0   1   9      -1479.45492684
 h   0   0   0   0   0   0   5   1   0   0   0  -1   9       1056.88358874
 f   0   0   0   0   0   0   4   2   0   0   0   1   9        773.99747301
 f   0   0   0   0   0   0   4   3   0   0   0   1   9      -1373.99563120
 f   0   0   0   0   0   0   7   1   0   0   0   1   9       1856.82757226
 f   0   0   0   0   0   0   0   1   0   1   0   0   9     -51156.91964114
 f   0   0   0   0   0   0   0   1   0   1   0   1   9      -1046.69234962
 h   0   0   0   0   0   0   0   1   0   1   0  -1   9       -879.99258862
 f   0   0   0   0   0   0   0   2   0   1   0   0   9     -16628.72013451
 f   0   0   0   0   0   0   0   1   0   2   0   0   9      -3089.97109945
 f   0   0   0   0   0   0   0   1   0   1   1   0   9      -9007.03905757
 f   0   0   0   0   0   0   0   2   0   1   0   1   9       2143.07996577
 f   0   0   0   0   0   0   0   1   0   2   0   1   9       -562.38563298
 f   0   0   0   0   0   0   0   1   0   1   1   1   9       -397.34690513
 h   0   0   0   0   0   0   0   2   0   1   0  -1   9       -463.49999530
 h   0   0   0   0   0   0   0   1   0   2   0  -1   9        513.07097878
 f   0   0   0   0   0   0   0   3   0   1   0   0   9      10209.73857385
 f   0   0   0   0   0   0   0   2   0   2   0   0   9     -13596.03444865
 f   0   0   0   0   0   0   0   2   0   1   1   0   9      -5083.68939451
 f   0   0   0   0   0   0   0   1   0   3   0   0   9       2572.75703179
 f   0   0   0   0   0   0   0   1   0   2   1   0   9       6336.70768444
 f   0   0   0   0   0   0   1   0   0   1   2   1   9        -58.33456392
 f   0   0   0   0   0   0   0   3   0   1   0   1   9      -5357.23993990
 f   0   0   0   0   0   0   0   2   0   2   0   1   9       -441.36774082
 f   0   0   0   0   0   0   0   2   0   1   1   1   9      -2011.98979474
 f   0   0   0   0   0   0   0   1   0   2   1   1   9        176.48045959
 h   0   0   0   0   0   0   1   0   0   2   1  -1   9         83.05140457
 h   0   0   0   0   0   0   0   3   0   1   0  -1   9       -289.69978691
 h   0   0   0   0   0   0   0   2   0   2   0  -1   9       -304.16424583
 f   0   0   0   0   0   0   2   0   0   1   2   0   9      -8609.44681731
 f   0   0   0   0   0   0   1   0   0   2   2   0   9       1661.41722426
 f   0   0   0   0   0   0   0   4   0   1   0   0   9      -3186.85082870
 f   0   0   0   0   0   0   0   3   0   2   0   0   9      -2433.48024483
 f   0   0   0   0   0   0   0   2   0   2   1   0   9      -3245.16230908
 f   0   0   0   0   0   0   0   1   0   2   2   0   9      -2833.10123196
 f   0   0   0   0   0   0   2   0   0   1   2   1   9       -494.07450912
 f   0   0   0   0   0   0   0   4   0   1   0   1   9       4814.88024790
 f   0   0   0   0   0   0   0   3   0   2   0   1   9        425.74308317
 f   0   0   0   0   0   0   0   2   0   1   2   1   9      -3486.89293038
 f   0   0   0   0   0   0   0   1   0   4   0   1   9       -195.08405356
 h   0   0   0   0   0   0   0   4   0   1   0  -1   9      -1402.58995885
 h   0   0   0   0   0   0   0   3   0   2   0  -1   9       1195.22603213
 f   0   0   0   0   0   0   2   0   0   4   0   0   9        916.41838690
 f   0   0   0   0   0   0   2   0   0   2   2   0   9      -2236.87524299
 f   0   0   0   0   0   0   0   4   0   2   0   0   9      -1623.06252550
 f   0   0   0   0   0   0   0   4   0   1   1   0   9      -1621.35940302
 f   0   0   0   0   0   0   0   3   0   3   0   0   9       6057.84032153
 f   0   0   0   0   0   0   0   3   0   2   1   0   9      12796.16837793
 f   0   0   0   0   0   0   0   2   0   2   2   0   9      -5321.46574357
 f   0   0   0   0   0   0   3   0   0   1   2   1   9        452.62998595
 f   0   0   0   0   0   0   2   0   0   2   2   1   9      -1684.98258757
 f   0   0   0   0   0   0   0   3   0   2   1   1   9       1510.54788515
 f   0   0   0   0   0   0   0   1   0   3   2   1   9       -584.27821973
 f   0   0   0   0   0   0   0   1   0   2   3   1   9        479.68035785
 h   0   0   0   0   0   0   3   0   0   2   1  -1   9       -693.45155414
 h   0   0   0   0   0   0   1   0   0   2   3  -1   9       -517.47941952
 h   0   0   0   0   0   0   0   5   0   1   0  -1   9       3270.94942184
 h   0   0   0   0   0   0   0   3   0   2   1  -1   9      -1410.05601241
 f   0   0   0   0   0   0   2   0   0   5   0   0   9       -745.73872820
 f   0   0   0   0   0   0   0   6   0   1   0   0   9       2033.48877196
 f   0   0   0   0   0   0   0   5   0   2   0   0   9       2351.82885687
 f   0   0   0   0   0   0   0   4   0   1   2   0   9       3991.53235889
 f   0   0   0   0   0   0   0   3   0   2   2   0   9       3503.43086534
 f   0   0   0   0   0   0   0   2   0   1   4   0   9      -3996.99974112
 f   0   0   0   0   0   0   0   1   0   3   3   0   9       1258.91480128
 f   0   0   0   0   0   0   3   0   0   4   0   1   9       -880.61731248
 f   0   0   0   0   0   0   3   0   0   2   2   1   9        938.07548647
 f   0   0   0   0   0   0   1   0   0   6   0   1   9        359.70750670
 f   0   0   0   0   0   0   0   5   0   2   0   1   9       1945.24123182
 f   0   0   0   0   0   0   0   5   0   1   1   1   9       4487.64555398
 f   0   0   0   0   0   0   0   2   0   1   4   1   9       4679.71851302
 f   0   0   0   0   0   0   0   1   0   3   3   1   9      -2603.83965951
 h   0   0   0   0   0   0   0   5   0   2   0  -1   9      -1315.21301350
 h   0   0   0   0   0   0   0   4   0   2   1  -1   9       5395.43276396
 f   0   0   0   0   0   0   6   0   0   2   0   0   9      -1480.80446699
 f   0   0   0   0   0   0   5   0   0   1   2   0   9      -2748.63997823
 f   0   0   0   0   0   0   3   0   0   3   2   0   9       3955.49708049
 f   0   0   0   0   0   0   3   0   0   5   0   0   9      -2207.11853833
 f   0   0   0   0   0   0   3   0   0   1   4   0   9       1872.79210167
 f   0   0   0   0   0   0   2   0   0   4   2   0   9       1041.85264826
 f   0   0   0   0   0   0   2   0   0   2   4   0   9      -2019.46269921
 f   0   0   0   0   0   0   2   0   0   6   0   0   9       -409.21094357
 f   0   0   0   0   0   0   1   0   0   7   0   0   9        900.93588611
 f   0   0   0   0   0   0   1   0   0   5   2   0   9      -2753.01956660
 f   0   0   0   0   0   0   1   0   0   3   4   0   9      -1257.77268045
 f   0   0   0   0   0   0   0   6   0   2   0   0   9       -692.52295818
 f   0   0   0   0   0   0   0   4   0   2   2   0   9       3391.34763851
 f   0   0   0   0   0   0   0   2   0   4   2   0   9      -1403.80032865
 f   0   0   0   0   0   0   6   0   0   2   0   1   9      -1224.97480319
 f   0   0   0   0   0   0   5   0   0   1   2   1   9       -788.50451322
 f   0   0   0   0   0   0   3   0   0   3   2   1   9      -3031.07761234
 f   0   0   0   0   0   0   3   0   0   5   0   1   9       2038.08166380
 f   0   0   0   0   0   0   2   0   0   4   2   1   9       2407.35877763
 f   0   0   0   0   0   0   2   0   0   2   4   1   9      -3149.27917981
 f   0   0   0   0   0   0   1   0   0   7   0   1   9      -1802.32006863
 f   0   0   0   0   0   0   1   0   0   5   2   1   9       4947.31438803
 f   0   0   0   0   0   0   0   7   0   1   0   1   9       -848.17858030
 f   0   0   0   0   0   0   0   6   0   2   0   1   9       -694.08339146
 f   0   0   0   0   0   0   0   5   0   1   2   1   9      -6028.26128259
 f   0   0   0   0   0   0   0   3   0   3   2   1   9       4751.32045458
 f   0   0   0   0   0   0   0   1   0   7   0   1   9       -312.98158413
 h   0   0   0   0   0   0   0   6   0   2   0  -1   9      -2047.56584160
 h   0   0   0   0   0   0   0   5   0   1   2  -1   9      -2713.54652459
 f   0   0   0   0   0   0   0   0   0   1   0   2   9       -467.98518445
 f   0   0   0   0   0   0   0   0   0   1   0   4   9         20.64573127
 f   0   0   0   0   0   0   0   0   0   1   0   5   9         -4.21267705
 f   0   0   0   0   0   0   0   0   0   1   0   7   9         -0.22816437
 f   0   0   0   0   0   0   0   0   0   2   0   3   9        -55.47069938
 f   0   0   0   0   0   0   0   0   0   2   0   6   9         -1.53854228
 f   0   0   0   0   0   0   0   0   0   2   0   9   9          0.52852530
 f   0   0   0   0   0   0   0   0   0   2   0   2   9        529.98013963
 f   0   0   0   0   0   0   0   0   0   2   0   4   9         14.87434387
 f   0   0   0   0   0   0   0   0   0   2   0   5   9          4.50446572
 f   0   0   0   0   0   0   0   0   0   1   2   3   9        -56.17746972
 h   0   0   0   0   0   0   0   0   0   2   1  -2   9       -707.55470654
 h   0   0   0   0   0   0   0   0   0   2   1  -4   9         25.58997264
 h   0   0   0   0   0   0   0   0   0   2   1  -5   9        -15.04716340
 f   0   0   0   0   0   0   0   0   0   4   0   2   9         89.84656604
 f   0   0   0   0   0   0   0   0   0   5   0   3   9       -157.94964237
 f   0   0   0   0   0   0   0   0   0   2   4   3   9        206.42891515
 f   0   0   0   0   0   0   0   0   0   7   0   3   9        105.82483585
 f   0   0   0   0   0   0   0   0   0   7   0   9   9          9.03142921
 f   0   0   0   0   0   0   0   0   0   8   0   3   9        -27.87279168
 f   0   0   0   0   0   0   0   0   0   8   0   6   9          4.26015353
 f   0   0   0   0   0   0   0   0   0   8   0   9   9         -9.71842716
 f   0   0   0   0   0   0   0   0   0   8   0   2   9         14.50194323
 f   0   0   0   0   0   0   0   0   0   8   0   4   9         14.12422314
 f   0   0   0   0   0   0   0   0   0   8   0   5   9         12.25976159