1.42077677 0.96013932 1.08924348 1.08924348 1.08924348 108.12930637 110.16192385 110.16192385 110.16192385  60.00000000 180.00000000 300.00000000 -115.61161193   1
1.42077677 0.96013932 1.06424348 1.08924348 1.08924348 108.12930637 110.16192385 110.16192385 110.16192385  60.00000000 180.00000000 300.00000000 -115.61109721  38
1.42077677 0.96013932 1.11424348 1.08924348 1.08924348 108.12930637 110.16192385 110.16192385 110.16192385  60.00000000 180.00000000 300.00000000 -115.61137277  39
1.42077677 0.96013932 1.13924348 1.08924348 1.08924348 108.12930637 110.16192385 110.16192385 110.16192385  60.00000000 180.00000000 300.00000000 -115.61048344  40
1.42077677 0.96013932 1.03924348 1.08924348 1.08924348 108.12930637 110.16192385 110.16192385 110.16192385  60.00000000 180.00000000 300.00000000 -115.60971055  41
1.42077677 0.96013932 0.98924348 1.08924348 1.08924348 108.12930637 110.16192385 110.16192385 110.16192385  60.00000000 180.00000000 300.00000000 -115.60376405  42
1.42077677 0.96013932 1.18924348 1.08924348 1.08924348 108.12930637 110.16192385 110.16192385 110.16192385  60.00000000 180.00000000 300.00000000 -115.60710776  43
1.42077677 0.96013932 1.21424348 1.08924348 1.08924348 108.12930637 110.16192385 110.16192385 110.16192385  60.00000000 180.00000000 300.00000000 -115.60477206  44
1.42077677 0.96013932 0.96424348 1.08924348 1.08924348 108.12930637 110.16192385 110.16192385 110.16192385  60.00000000 180.00000000 300.00000000 -115.59887524  45
1.42077677 0.96013932 1.23924348 1.08924348 1.08924348 108.12930637 110.16192385 110.16192385 110.16192385  60.00000000 180.00000000 300.00000000 -115.60209006  46
1.42077677 0.96013932 0.93924348 1.08924348 1.08924348 108.12930637 110.16192385 110.16192385 110.16192385  60.00000000 180.00000000 300.00000000 -115.59245024  47
1.42077677 0.96013932 1.28924348 1.08924348 1.08924348 108.12930637 110.16192385 110.16192385 110.16192385  60.00000000 180.00000000 300.00000000 -115.59589939  48
1.42077677 0.96013932 0.88924348 1.08924348 1.08924348 108.12930637 110.16192385 110.16192385 110.16192385  60.00000000 180.00000000 300.00000000 -115.57403831  49
1.42077677 0.96013932 1.38924348 1.08924348 1.08924348 108.12930637 110.16192385 110.16192385 110.16192385  60.00000000 180.00000000 300.00000000 -115.58137347  50
1.42077677 0.96013932 0.78924348 1.08924348 1.08924348 108.12930637 110.16192385 110.16192385 110.16192385  60.00000000 180.00000000 300.00000000 -115.50606044  51
1.42077677 0.96013932 1.48924348 1.08924348 1.08924348 108.12930637 110.16192385 110.16192385 110.16192385  60.00000000 180.00000000 300.00000000 -115.56556733  52
1.42077677 0.96013932 1.58924348 1.08924348 1.08924348 108.12930637 110.16192385 110.16192385 110.16192385  60.00000000 180.00000000 300.00000000 -115.54969937  53
1.42077677 0.96013932 1.68924348 1.08924348 1.08924348 108.12930637 110.16192385 110.16192385 110.16192385  60.00000000 180.00000000 300.00000000 -115.53448595  54
1.42077677 0.96013932 1.78924348 1.08924348 1.08924348 108.12930637 110.16192385 110.16192385 110.16192385  60.00000000 180.00000000 300.00000000 -115.52033455  55
1.42077677 0.96013932 1.08924348 1.06424348 1.08924348 108.12930637 110.16192385 110.16192385 110.16192385  60.00000000 180.00000000 300.00000000 -115.61130967  56
1.42077677 0.96013932 1.08924348 1.11424348 1.08924348 108.12930637 110.16192385 110.16192385 110.16192385  60.00000000 180.00000000 300.00000000 -115.61114795  57
1.42077677 0.96013932 1.08924348 1.13924348 1.08924348 108.12930637 110.16192385 110.16192385 110.16192385  60.00000000 180.00000000 300.00000000 -115.61002177  58
1.42077677 0.96013932 1.08924348 1.03924348 1.08924348 108.12930637 110.16192385 110.16192385 110.16192385  60.00000000 180.00000000 300.00000000 -115.61012279  59
1.42077677 0.96013932 1.08924348 0.98924348 1.08924348 108.12930637 110.16192385 110.16192385 110.16192385  60.00000000 180.00000000 300.00000000 -115.60453684  60
1.42077677 0.96013932 1.08924348 1.18924348 1.08924348 108.12930637 110.16192385 110.16192385 110.16192385  60.00000000 180.00000000 300.00000000 -115.60613795  61
1.42077677 0.96013932 1.08924348 1.21424348 1.08924348 108.12930637 110.16192385 110.16192385 110.16192385  60.00000000 180.00000000 300.00000000 -115.60353188  62
1.42077677 0.96013932 1.08924348 0.96424348 1.08924348 108.12930637 110.16192385 110.16192385 110.16192385  60.00000000 180.00000000 300.00000000 -115.59980839  63
1.42077677 0.96013932 1.08924348 1.23924348 1.08924348 108.12930637 110.16192385 110.16192385 110.16192385  60.00000000 180.00000000 300.00000000 -115.60056932  64
1.42077677 0.96013932 1.08924348 0.93924348 1.08924348 108.12930637 110.16192385 110.16192385 110.16192385  60.00000000 180.00000000 300.00000000 -115.59353025  65
1.42077677 0.96013932 1.08924348 1.28924348 1.08924348 108.12930637 110.16192385 110.16192385 110.16192385  60.00000000 180.00000000 300.00000000 -115.59378926  66
1.42077677 0.96013932 1.08924348 0.88924348 1.08924348 108.12930637 110.16192385 110.16192385 110.16192385  60.00000000 180.00000000 300.00000000 -115.57537122  67
1.42077677 0.96013932 1.08924348 1.38924348 1.08924348 108.12930637 110.16192385 110.16192385 110.16192385  60.00000000 180.00000000 300.00000000 -115.57798995  68
1.42077677 0.96013932 1.08924348 0.78924348 1.08924348 108.12930637 110.16192385 110.16192385 110.16192385  60.00000000 180.00000000 300.00000000 -115.50773537  69
1.42077677 0.96013932 1.08924348 1.48924348 1.08924348 108.12930637 110.16192385 110.16192385 110.16192385  60.00000000 180.00000000 300.00000000 -115.56082459  70
1.42077677 0.96013932 1.08924348 1.58924348 1.08924348 108.12930637 110.16192385 110.16192385 110.16192385  60.00000000 180.00000000 300.00000000 -115.54356599  71
1.42077677 0.96013932 1.08924348 1.68924348 1.08924348 108.12930637 110.16192385 110.16192385 110.16192385  60.00000000 180.00000000 300.00000000 -115.52698803  72
1.42077677 0.96013932 1.08924348 1.78924348 1.08924348 108.12930637 110.16192385 110.16192385 110.16192385  60.00000000 180.00000000 300.00000000 -115.51155406  73
1.42077677 0.96013932 1.08924348 1.08924348 1.06424348 108.12930637 110.16192385 110.16192385 110.16192385  60.00000000 180.00000000 300.00000000 -115.61109721  38
1.42077677 0.96013932 1.08924348 1.08924348 1.11424348 108.12930637 110.16192385 110.16192385 110.16192385  60.00000000 180.00000000 300.00000000 -115.61137277  39
1.42077677 0.96013932 1.08924348 1.08924348 1.13924348 108.12930637 110.16192385 110.16192385 110.16192385  60.00000000 180.00000000 300.00000000 -115.61048344  40
1.42077677 0.96013932 1.08924348 1.08924348 1.03924348 108.12930637 110.16192385 110.16192385 110.16192385  60.00000000 180.00000000 300.00000000 -115.60971055  41
1.42077677 0.96013932 1.08924348 1.08924348 0.98924348 108.12930637 110.16192385 110.16192385 110.16192385  60.00000000 180.00000000 300.00000000 -115.60376405  42
1.42077677 0.96013932 1.08924348 1.08924348 1.18924348 108.12930637 110.16192385 110.16192385 110.16192385  60.00000000 180.00000000 300.00000000 -115.60710776  43
1.42077677 0.96013932 1.08924348 1.08924348 1.21424348 108.12930637 110.16192385 110.16192385 110.16192385  60.00000000 180.00000000 300.00000000 -115.60477206  44
1.42077677 0.96013932 1.08924348 1.08924348 0.96424348 108.12930637 110.16192385 110.16192385 110.16192385  60.00000000 180.00000000 300.00000000 -115.59887524  45
1.42077677 0.96013932 1.08924348 1.08924348 1.23924348 108.12930637 110.16192385 110.16192385 110.16192385  60.00000000 180.00000000 300.00000000 -115.60209006  46
1.42077677 0.96013932 1.08924348 1.08924348 0.93924348 108.12930637 110.16192385 110.16192385 110.16192385  60.00000000 180.00000000 300.00000000 -115.59245024  47
1.42077677 0.96013932 1.08924348 1.08924348 1.28924348 108.12930637 110.16192385 110.16192385 110.16192385  60.00000000 180.00000000 300.00000000 -115.59589939  48
1.42077677 0.96013932 1.08924348 1.08924348 0.88924348 108.12930637 110.16192385 110.16192385 110.16192385  60.00000000 180.00000000 300.00000000 -115.57403831  49
1.42077677 0.96013932 1.08924348 1.08924348 1.38924348 108.12930637 110.16192385 110.16192385 110.16192385  60.00000000 180.00000000 300.00000000 -115.58137347  50
1.42077677 0.96013932 1.08924348 1.08924348 0.78924348 108.12930637 110.16192385 110.16192385 110.16192385  60.00000000 180.00000000 300.00000000 -115.50606044  51
1.42077677 0.96013932 1.08924348 1.08924348 1.48924348 108.12930637 110.16192385 110.16192385 110.16192385  60.00000000 180.00000000 300.00000000 -115.56556733  52
1.42077677 0.96013932 1.08924348 1.08924348 1.58924348 108.12930637 110.16192385 110.16192385 110.16192385  60.00000000 180.00000000 300.00000000 -115.54969937  53
1.42077677 0.96013932 1.08924348 1.08924348 1.68924348 108.12930637 110.16192385 110.16192385 110.16192385  60.00000000 180.00000000 300.00000000 -115.53448595  54
1.42077677 0.96013932 1.08924348 1.08924348 1.78924348 108.12930637 110.16192385 110.16192385 110.16192385  60.00000000 180.00000000 300.00000000 -115.52033455  55