 "MMM"   1.42456702   0.95792836   1.08927368   1.08843724   1.08843724   108.59331888   111.92835714   109.51017949   109.51017949   0.000000000   120.00000000   240.00000000   0.000000000
 "MMM"   1.42441305   0.95795762   1.08933867   1.08802679   1.08894187   108.58094846   111.93089497   109.22033056   109.80128314   5.000000000   125.00000000   245.00000000   5.000000000
 "MMM"   1.42422954   0.95805337   1.08943118   1.08751140   1.08945292   108.55436575   111.92227790   108.92897388   110.07790559   10.00000000   130.00000000   250.00000000   10.00000000
 "MMM"   1.42396989   0.95821093   1.08957519   1.08699734   1.08993632   108.51130825   111.90796744   108.64292193   110.33780966   15.00000000   135.00000000   255.00000000   15.00000000
 "MMM"   1.42363349   0.95841984   1.08976827   1.08650628   1.09038119   108.45521690   111.88951254   108.36874576   110.57813386   20.00000000   140.00000000   260.00000000   20.00000000
 "MMM"   1.42323595   0.95866645   1.09000212   1.08604933   1.09077854   108.39021687   111.86831022   108.11232612   110.79600539   25.00000000   145.00000000   265.00000000   25.00000000
 "MMM"   1.42280045   0.95893475   1.09026586   1.08563538   1.09112044   108.32075202   111.84545039   107.87916575   110.98944141   30.00000000   150.00000000   270.00000000   30.00000000
 "MMM"   1.42235822   0.95920593   1.09054571   1.08527224   1.09139845   108.25212845   111.82139207   107.67394904   111.15750457   35.00000000   155.00000000   275.00000000   35.00000000
 "MMM"   1.42193586   0.95946217   1.09082867   1.08496600   1.09160848   108.18861996   111.79607151   107.50102533   111.30031985   40.00000000   160.00000000   280.00000000   40.00000000
 "MMM"   1.42156633   0.95968402   1.09109878   1.08472216   1.09174561   108.13504321   111.76870050   107.36342304   111.41900962   45.00000000   165.00000000   285.00000000   45.00000000
 "MMM"   1.42127473   0.95985610   1.09134270   1.08454379   1.09180925   108.09475430   111.73751684   107.26381528   111.51576561   50.00000000   170.00000000   290.00000000   50.00000000
 "MMM"   1.42111603   0.95994205   1.09150501   1.08446326   1.09179036   108.06612323   111.69371503   107.19522912   111.60458004   55.00000000   175.00000000   295.00000000   55.00000000
 "MMM"   1.42103567   0.95999358   1.09165911   1.08440933   1.09173126   108.06066762   111.64513114   107.18235928   111.66082061   60.00000000   180.00000000   300.00000000   60.00000000 
 "MMM"   1.42100455   0.95998072   1.09183210   1.08444020   1.09159495   108.07525041   111.59510403   107.20764771   111.70340226   65.00000000   185.00000000   305.00000000   65.00000000
 "MMM"   1.42114150   0.95989447   1.09184747   1.08449633   1.09143861   108.10403136   111.50741430   107.27812060   111.74989680   70.00000000   190.00000000   310.00000000   70.00000000
 "MMM"   1.42141325   0.95970422   1.09179478   1.08468458   1.09116861   108.14378843   111.42384981   107.37176527   111.77673088   75.00000000   195.00000000   315.00000000   75.00000000
 "MMM"   1.42175595   0.95948696   1.09168071   1.08491515   1.09090240   108.19851869   111.30617617   107.51067564   111.80525982   80.00000000   200.00000000   320.00000000   80.00000000
 "MMM"   1.42215582   0.95923463   1.09149459   1.08520699   1.09062285   108.26244626   111.16396790   107.68505308   111.83133587   85.00000000   205.00000000   325.00000000   85.00000000
 "MMM"   1.42259149   0.95896409   1.09123707   1.08555547   1.09034103   108.33144417   110.99600579   107.89078595   111.85558617   90.00000000   210.00000000   330.00000000   90.00000000
 "MMM"   1.42303164   0.95869491   1.09091351   1.08595422   1.09007204   108.40023396   110.80209938   108.12389792   111.87810734   95.00000000   215.00000000   335.00000000   95.00000000
 "MMM"   1.42344877   0.95844490   1.09052961   1.08639640   1.08982881   108.46436778   110.58326273   108.37949607   111.89826261   100.00000000   220.00000000   340.00000000   100.00000000
 "MMM"   1.42381417   0.95823079   1.09009410   1.08687382   1.08962381   108.51916537   110.34160034   108.65239266   111.91520103   105.00000000   225.00000000   345.00000000   105.00000000
 "MMM"   1.42410251   0.95806638   1.08961717   1.08737757   1.08946729   108.56076394   110.08024222   108.93701723   111.92794950   110.00000000   230.00000000   350.00000000   110.00000000
 "MMM"   1.42429556   0.95796192   1.08910921   1.08789816   1.08936669   108.58634655   109.80331340   109.22762973   111.93546760   115.00000000   235.00000000   355.00000000   115.00000000
 "MMM"   1.42438012   0.95792389   1.08858183   1.08842526   1.08932687   108.59414313   109.51559504   109.51843316   111.93716699   120.00000000   240.00000000   360.00000000   120.00000000
 "MMM"   1.42451123   0.95796319   1.08789957   1.08896752   1.08930471   108.58420529   109.21865573   109.79615116   111.92534955   125.00000000   245.00000000   365.00000000   125.00000000
 "MMM"   1.42426189   0.95805480   1.08749630   1.08945110   1.08942456   108.55336196   108.92780964   110.07643025   111.92126412   130.00000000   250.00000000   370.00000000   130.00000000
 "MMM"   1.42398074   0.95821154   1.08699494   1.08993495   1.08957356   108.51075715   108.64252890   110.33744496   111.90761964   135.00000000   255.00000000   375.00000000   135.00000000
 "MMM"   1.42363710   0.95842009   1.08650573   1.09038070   1.08976780   108.45500500   108.36861304   110.57802735   111.88939455   140.00000000   260.00000000   380.00000000   140.00000000
 "MMM"   1.42323714   0.95866654   1.08604917   1.09077838   1.09000197   108.39014264   108.11228145   110.79597220   111.86827050   145.00000000   265.00000000   385.00000000   145.00000000
 "MMM"   1.42280083   0.95893478   1.08563533   1.09112038   1.09026581   108.32072715   107.87915078   110.98943100   111.84543715   150.00000000   270.00000000   390.00000000   150.00000000
 "MMM"   1.42235835   0.95920594   1.08527222   1.09139844   1.09054569   108.25212025   107.67394413   111.15750127   111.82138772   155.00000000   275.00000000   395.00000000   155.00000000
 "MMM"   1.42193590   0.95946217   1.08496600   1.09160847   1.09082867   108.18861739   107.50102367   111.30031888   111.79607003   160.00000000   280.00000000   400.00000000   160.00000000
 "MMM"   1.42156635   0.95968402   1.08472216   1.09174560   1.09109877   108.13504237   107.36342252   111.41900928   111.76870008   165.00000000   285.00000000   405.00000000   165.00000000
 "MMM"   1.42127473   0.95985610   1.08454378   1.09180925   1.09134270   108.09475402   107.26381506   111.51576552   111.73751677   170.00000000   290.00000000   410.00000000   170.00000000
 "MMM"   1.42111603   0.95994205   1.08446326   1.09179036   1.09150501   108.06612312   107.19522903   111.60457997   111.69371498   175.00000000   295.00000000   415.00000000   175.00000000
 "MMM"   1.42103567   0.95999358   1.08440933   1.09173126   1.09165911   108.06066754   107.18235922   111.66082060   111.64513109   180.00000000   300.00000000   420.00000000   180.00000000
 "MMM"   1.42105039   0.95997905   1.08441571   1.09161423   1.09177096   108.07273568   107.20909361   111.70900994   111.58448090   185.00000000   305.00000000   425.00000000   185.00000000
 "MMM"   1.42116727   0.95989484   1.08448912   1.09144419   1.09182548   108.10241074   107.27707809   111.74792778   111.50781153   190.00000000   310.00000000   430.00000000   190.00000000
 "MMM"   1.42142153   0.95970491   1.08468326   1.09116862   1.09179180   108.14326420   107.37142845   111.77643099   111.42360321   195.00000000   315.00000000   435.00000000   195.00000000
 "MMM"   1.42175863   0.95948720   1.08491480   1.09090219   1.09168012   108.19834742   107.51056789   111.80516328   111.30610253   200.00000000   320.00000000   440.00000000   200.00000000
 "MMM"   1.42215669   0.95923471   1.08520689   1.09062276   1.09149444   108.26238992   107.68501839   111.83130509   111.16394464   205.00000000   325.00000000   445.00000000   205.00000000
 "MMM"   1.42259177   0.95896412   1.08555543   1.09034100   1.09123703   108.33142562   107.89077474   111.85557642   110.99599832   210.00000000   330.00000000   450.00000000   210.00000000
 "MMM"   1.42303173   0.95869492   1.08595421   1.09007203   1.09091350   108.40022789   108.12389431   111.87810415   110.80209696   215.00000000   335.00000000   455.00000000   215.00000000
 "MMM"   1.42344880   0.95844490   1.08639639   1.08982881   1.09052961   108.46436580   108.37949493   111.89826160   110.58326190   220.00000000   340.00000000   460.00000000   220.00000000
 "MMM"   1.42381418   0.95823079   1.08687382   1.08962381   1.09009410   108.51916474   108.65239222   111.91520066   110.34160010   225.00000000   345.00000000   465.00000000   225.00000000
 "MMM"   1.42410251   0.95806638   1.08737757   1.08946729   1.08961717   108.56076372   108.93701710   111.92794942   110.08024212   230.00000000   350.00000000   470.00000000   230.00000000
 "MMM"   1.42429556   0.95796192   1.08789816   1.08936669   1.08910921   108.58634648   109.22762968   111.93546753   109.80331338   235.00000000   355.00000000   475.00000000   235.00000000
 "MMM"   1.42438012   0.95792389   1.08842526   1.08932686   1.08858183   108.59414306   109.51843311   111.93716700   109.51559500   240.00000000   360.00000000   480.00000000   240.00000000
 "MMM"   1.42435046   0.95795459   1.08894814   1.08934972   1.08804669   108.58362124   109.80384047   111.93288533   109.22247734   245.00000000   365.00000000   485.00000000   245.00000000
 "MMM"   1.42420841   0.95805212   1.08945575   1.08943412   1.08751522   108.55551970   110.07860544   111.92295140   108.92969685   250.00000000   370.00000000   490.00000000   250.00000000
 "MMM"   1.42396281   0.95821046   1.08993731   1.08957608   1.08699834   108.51172968   110.33802308   111.90819576   108.64316953   255.00000000   375.00000000   495.00000000   255.00000000
 "MMM"   1.42363114   0.95841968   1.09038152   1.08976856   1.08650659   108.45536268   110.57820137   111.88958974   108.36883056   260.00000000   380.00000000   500.00000000   260.00000000
 "MMM"   1.42323517   0.95866639   1.09077865   1.09000221   1.08604943   108.39026609   110.79602696   111.86833613   108.11235503   265.00000000   385.00000000   505.00000000   265.00000000
 "MMM"   1.42280019   0.95893473   1.09112047   1.09026589   1.08563541   108.32076845   110.98944818   111.84545903   107.87917560   270.00000000   390.00000000   510.00000000   270.00000000
 "MMM"   1.42235814   0.95920592   1.09139846   1.09054571   1.08527225   108.25213379   111.15750669   111.82139498   107.67395234   275.00000000   395.00000000   515.00000000   275.00000000
 "MMM"   1.42193584   0.95946217   1.09160848   1.09082868   1.08496600   108.18862172   111.30032056   111.79607236   107.50102639   280.00000000   400.00000000   520.00000000   280.00000000
 "MMM"   1.42156633   0.95968402   1.09174561   1.09109878   1.08472216   108.13504368   111.41900986   111.76870083   107.36342334   285.00000000   405.00000000   525.00000000   285.00000000
 "MMM"   1.42127472   0.95985610   1.09180925   1.09134270   1.08454379   108.09475431   111.51576569   111.73751700   107.26381532   290.00000000   410.00000000   530.00000000   290.00000000
 "MMM"   1.42111603   0.95994205   1.09179036   1.09150501   1.08446326   108.06612326   111.60458004   111.69371505   107.19522916   295.00000000   415.00000000   535.00000000   295.00000000
 "MMM"   1.42103567   0.95999358   1.09173126   1.09165911   1.08440933   108.06066766   111.66082067   111.64513126   107.18235926   300.00000000   420.00000000   540.00000000   300.00000000
 "MMM"   1.42105039   0.95997905   1.09161423   1.09177096   1.08441571   108.07273574   111.70901003   111.58448085   107.20909374   305.00000000   425.00000000   545.00000000   305.00000000
 "MMM"   1.42116727   0.95989484   1.09144419   1.09182548   1.08448912   108.10241078   111.74792779   111.50781158   107.27707810   310.00000000   430.00000000   550.00000000   310.00000000
 "MMM"   1.42142153   0.95970491   1.09116862   1.09179180   1.08468326   108.14326414   111.77643096   111.42360321   107.37142848   315.00000000   435.00000000   555.00000000   315.00000000
 "MMM"   1.42175863   0.95948720   1.09090219   1.09168012   1.08491480   108.19834737   111.80516325   111.30610251   107.51056788   320.00000000   440.00000000   560.00000000   320.00000000
 "MMM"   1.42215669   0.95923471   1.09062276   1.09149444   1.08520689   108.26238990   111.83130517   111.16394465   107.68501831   325.00000000   445.00000000   565.00000000   325.00000000
 "MMM"   1.42259177   0.95896412   1.09034100   1.09123703   1.08555543   108.33142561   111.85557637   110.99599833   107.89077474   330.00000000   450.00000000   570.00000000   330.00000000
 "MMM"   1.42303173   0.95869492   1.09007203   1.09091350   1.08595421   108.40022779   111.87810415   110.80209695   108.12389437   335.00000000   455.00000000   575.00000000   335.00000000
 "MMM"   1.42344880   0.95844490   1.08982881   1.09052961   1.08639639   108.46436573   111.89826155   110.58326195   108.37949492   340.00000000   460.00000000   580.00000000   340.00000000
 "MMM"   1.42381418   0.95823079   1.08962381   1.09009410   1.08687382   108.51916473   111.91520070   110.34160010   108.65239226   345.00000000   465.00000000   585.00000000   345.00000000
 "MMM"   1.42410251   0.95806638   1.08946729   1.08961717   1.08737757   108.56076364   111.92794942   110.08024216   108.93701708   350.00000000   470.00000000   590.00000000   350.00000000
 "MMM"   1.42429556   0.95796192   1.08936669   1.08910921   1.08789816   108.58634644   111.93546755   109.80331337   109.22762964   355.00000000   475.00000000   595.00000000   355.00000000
 "MMM"   1.42438012   0.95792389   1.08932687   1.08858183   1.08842526   108.59414308   111.93716689   109.51559504   109.51843312   360.00000000   480.00000000   600.00000000   360.00000000
