                    86                     0
   2.01161067735863     
 -1.151771926525188E-003
   1.19384267900593     
 -4.426796193203833E-002
 -0.541173373811760     
  0.260077051739438     
 -1.467256683097162E-002
  8.527789295740053E-003
 -2.639440030053892E-003
  2.500447307338846E-003
  4.132374728811584E-003
 -9.244202287589787E-002
  4.465703005346891E-002
 -9.701603363215412E-003
  0.621345592450663     
 -1.573304094829364E-003
 -5.519999597822161E-003
 -5.824571141632044E-003
 -3.868948391436794E-002
  1.557054918652445E-002
  0.883001971359546     
  0.000000000000000E+000
  0.000000000000000E+000
  0.000000000000000E+000
  0.000000000000000E+000
  0.000000000000000E+000
  0.000000000000000E+000
  0.869314468070270     
  7.927854661482049E-003
 -1.644870918086608E-002
  1.575408350796724E-002
  2.142328322037155E-003
 -0.184489160361258     
  2.707532172246937E-002
  0.000000000000000E+000
  6.500549511711649E-002
  5.552927638661772E-004
  1.687018499338088E-003
 -4.603711438072458E-005
  1.176821298771273E-002
 -2.479329177975174E-002
 -0.287910955631216     
  0.000000000000000E+000
 -5.336368356152872E-003
  9.693483280874488E-002
  0.000000000000000E+000
  0.000000000000000E+000
  0.000000000000000E+000
  0.000000000000000E+000
  0.000000000000000E+000
  0.000000000000000E+000
 -0.271130028170898     
  0.000000000000000E+000
  0.000000000000000E+000
  9.274582332468305E-002
  1.187763870996464E-003
  3.637008396670819E-003
 -6.748044395425807E-004
  9.448970306523423E-004
 -9.548032924608013E-003
 -9.665903378394337E-003
  0.000000000000000E+000
  3.475211610799188E-003
  2.606644191210678E-003
  0.000000000000000E+000
  5.507643717577183E-004
 -3.806750266135890E-004
  1.047374891760807E-002
 -3.921531776084618E-003
 -4.263314857656436E-004
  8.583704691664724E-004
  3.499821321790784E-003
  0.000000000000000E+000
 -3.354119712655998E-004
 -5.578830703150070E-004
  0.000000000000000E+000
 -2.186193164063555E-004
  4.253861223844825E-004
  0.000000000000000E+000
  0.000000000000000E+000
  0.000000000000000E+000
  0.000000000000000E+000
  0.000000000000000E+000
  0.000000000000000E+000
  8.431028968555630E-003
  0.000000000000000E+000
  0.000000000000000E+000
  7.682813003790753E-004
  0.000000000000000E+000
  0.000000000000000E+000
  1.492612303043381E-003
  6.399704449326383E-005
  2.859067145542583E-003
 -1.932210657765173E-003
 -4.005977650644912E-004
  3.406334013734272E-002
 -2.835430872245486E-003
  0.000000000000000E+000
 -1.117190448695856E-002
  2.735118219144694E-005
  0.000000000000000E+000
 -5.563243991234465E-004
  8.408553134829950E-005
  0.000000000000000E+000
  1.990155121234702E-003
  5.623924525594549E-005
  7.561225283837117E-004
 -1.557243284614291E-003
  2.086653918567686E-003
 -4.830235569510320E-003
 -2.908974745927181E-002
  0.000000000000000E+000
  2.696609822116316E-004
  8.142594375804406E-003
  0.000000000000000E+000
  8.335162328868179E-004
 -8.001602924979216E-004
  0.000000000000000E+000
 -1.252220199367871E-004
  2.462480624565694E-003
  0.000000000000000E+000
  0.000000000000000E+000
  0.000000000000000E+000
  0.000000000000000E+000
  0.000000000000000E+000
  0.000000000000000E+000
 -2.439580003625801E-002
  0.000000000000000E+000
  0.000000000000000E+000
  3.353045921932538E-003
  0.000000000000000E+000
  0.000000000000000E+000
 -2.003669747382207E-003
  0.000000000000000E+000
  0.000000000000000E+000
  2.897859440517081E-003
 -2.995519706106668E-005
 -5.510150229736102E-004
  5.016624602723030E-004
  9.488586378042109E-004
 -1.750281017828540E-002
 -1.433210908091439E-002
  0.000000000000000E+000
  5.048584594342275E-003
  5.031345836009248E-003
  0.000000000000000E+000
  4.807675173663811E-004
 -1.546717910184820E-004
  0.000000000000000E+000
 -9.422332449355977E-004
  7.031711518241302E-004
  0.000000000000000E+000
  7.367274767127475E-004
  0.000000000000000E+000
  0.000000000000000E+000
  0.000000000000000E+000
  0.000000000000000E+000
  0.000000000000000E+000
  0.000000000000000E+000
  3.475867326179254E-002
  0.000000000000000E+000
  0.000000000000000E+000
 -1.002109443276312E-002
  0.000000000000000E+000
  0.000000000000000E+000
  6.774903537486714E-004
  0.000000000000000E+000
  0.000000000000000E+000
 -1.401769250346740E-003
  0.000000000000000E+000
  1.471912908877251E-003
 -3.404184743219714E-005
 -2.308052122568973E-003
  1.430548197492870E-003
 -5.482608727397198E-004
 -1.656052995905732E-002
  1.716753995315988E-002
  0.000000000000000E+000
  6.123319892616281E-003
 -5.058697018200695E-003
  0.000000000000000E+000
  7.555688175706548E-005
  7.058625967018252E-005
  0.000000000000000E+000
 -1.047921876299105E-003
 -5.779491318873432E-004
  0.000000000000000E+000
  2.055057682228503E-004
  0.000000000000000E+000
  8.424161080762545E-004
  1.374682351896492E-003
 -1.040726086256608E-002
  5.687555793936172E-003
  5.232198238407277E-005
 -1.932344806183278E-002
  5.961925502287496E-003
  0.000000000000000E+000
  7.362639226852801E-003
 -1.598716561640448E-003
  0.000000000000000E+000
  3.337644080047141E-004
 -1.007594513737499E-004
  0.000000000000000E+000
 -1.251053263819819E-003
 -6.933061043627758E-005
  0.000000000000000E+000
  5.071975557954348E-004
  0.000000000000000E+000
  7.438557080243842E-004
  9.062127929303547E-004
  3.045662708332848E-004
 -3.886501592325313E-003
  1.531700254367892E-003
 -9.854621922200210E-004
  4.234387407984948E-003
  1.232121894300669E-002
  0.000000000000000E+000
 -1.189476530247646E-003
 -3.367594532163759E-003
  0.000000000000000E+000
 -4.558022291659592E-004
  2.795872341611293E-004
  0.000000000000000E+000
  1.985832592255299E-004
 -1.006825898590633E-003
  0.000000000000000E+000
 -3.637525816054786E-004
  0.000000000000000E+000
  1.651693223799486E-004
 -6.768972192256406E-005
  4.695074742913828E-004
  0.000000000000000E+000
  0.000000000000000E+000
  0.000000000000000E+000
  0.000000000000000E+000
  0.000000000000000E+000
  0.000000000000000E+000
 -3.208757741080230E-002
  0.000000000000000E+000
  0.000000000000000E+000
  1.192623908684608E-002
  0.000000000000000E+000
  0.000000000000000E+000
  4.853811892851490E-004
  0.000000000000000E+000
  0.000000000000000E+000
 -9.722843826140027E-005
  0.000000000000000E+000
 -1.090804328116626E-003
  0.000000000000000E+000
  0.000000000000000E+000
  0.000000000000000E+000
  1.634157108688471E-003
 -1.117035115270236E-003
  8.892793038748738E-003
 -5.359445647236478E-003
 -1.246426635046379E-003
  1.388901801867112E-002
  3.062170902325929E-002
  0.000000000000000E+000
 -3.955693881065446E-003
 -1.082808092483496E-002
  0.000000000000000E+000
 -4.166462496191264E-004
 -2.281039722233628E-005
  0.000000000000000E+000
  7.547556632474861E-004
 -5.530404013468931E-004
  0.000000000000000E+000
 -8.712950569948426E-004
  0.000000000000000E+000
  1.165393937473565E-004
 -3.944550403705046E-004
  3.028249768458244E-004
  0.000000000000000E+000
  1.686093934863713E-003
  0.000000000000000E+000
  0.000000000000000E+000
  0.000000000000000E+000
  0.000000000000000E+000
  0.000000000000000E+000
  0.000000000000000E+000
 -4.433272023759554E-002
  0.000000000000000E+000
  0.000000000000000E+000
  1.569310095106589E-002
  0.000000000000000E+000
  0.000000000000000E+000
  3.449187316218276E-004
  0.000000000000000E+000
  0.000000000000000E+000
  2.735932311112659E-004
  0.000000000000000E+000
 -1.585650338082765E-003
  0.000000000000000E+000
  0.000000000000000E+000
  0.000000000000000E+000
  2.073888042000658E-003
  0.000000000000000E+000
  2.686437627305102E-003
 -2.576472366262559E-004
  1.514467823817340E-003
 -3.281101466996943E-004
  1.194104652662306E-003
  5.434430043161655E-003
 -3.658363452554679E-002
  0.000000000000000E+000
 -3.406945345787354E-003
  1.242679748647541E-002
  0.000000000000000E+000
  8.288184161441234E-005
  1.235698485960862E-004
  0.000000000000000E+000
  4.962976005723329E-004
  6.223710117831706E-004
  0.000000000000000E+000
  3.640975011994078E-004
  0.000000000000000E+000
 -8.603951017717407E-004
 -5.117577525598500E-004
 -2.351352549232604E-004
  0.000000000000000E+000
 -1.291638894493208E-003
  0.000000000000000E+000
  1.803396647053058E-003
  8.221182197517073E-004
 -1.112786552796911E-002
  1.668900689533840E-002
  3.082420287916872E-003
 -3.607315748915681E-003
 -6.302691052808380E-005
  0.000000000000000E+000
  1.356886680957607E-002
  1.015612164035513E-003
  0.000000000000000E+000
  2.173741998738886E-003
  6.339073811137261E-004
  0.000000000000000E+000
 -2.584422987489966E-004
 -2.052699299921589E-005
  0.000000000000000E+000
  8.886076345777829E-005
  0.000000000000000E+000
  1.695815352912183E-004
  2.293091498619372E-003
  1.334654229853155E-004
  0.000000000000000E+000
 -1.392510972495584E-003
  0.000000000000000E+000
 -9.005805261237883E-004
   2.00536172717445     
 -7.109690104301577E-003
  9.139238544419148E-003
 -0.131947220267816     
 -2.144967623559971E-002
  0.206111172980077     
 -6.654820499034708E-003
  0.000000000000000E+000
 -0.169267471864901     
  4.220023239748408E-002
  0.000000000000000E+000
 -2.126973126000089E-002
  2.623569623135731E-003
  0.000000000000000E+000
  2.067014602683321E-002
 -9.646999546610423E-003
  0.000000000000000E+000
 -9.873683074322744E-003
  0.000000000000000E+000
 -1.079646295251047E-002
 -1.973931557596471E-002
  1.228915137222751E-002
  0.000000000000000E+000
  7.974149695137754E-003
  0.000000000000000E+000
  1.176516588082696E-002
 -7.040980104778868E-003
   1.67294380365449     
 -2.037537663866860E-003
  1.112701144993380E-002
  5.470401312466620E-003
 -3.729977006800910E-003
 -4.360200786956168E-003
  1.165125749161190E-002
  0.000000000000000E+000
  4.518670044545999E-003
  2.651614439482232E-003
  0.000000000000000E+000
 -1.887046854835619E-003
  3.525874946911600E-003
  0.000000000000000E+000
 -5.424250147065231E-004
 -7.630940713270010E-003
  0.000000000000000E+000
 -5.495698295411050E-004
  0.000000000000000E+000
  1.091994844247628E-003
  4.484496058515736E-004
  2.734184020309786E-003
  0.000000000000000E+000
 -2.458887268473387E-003
  0.000000000000000E+000
  2.010437662621813E-003
 -1.981670931946016E-002
  1.210083099940078E-003
  3.740641485174694E-002
  1.758276688038582E-003
 -5.531600581429057E-002
  1.665375487434576E-002
 -9.949710524315522E-003
 -1.593146607473721E-003
  0.120964945232541     
  0.000000000000000E+000
 -2.746631425989660E-003
 -2.974766112995975E-002
  0.000000000000000E+000
 -4.635770197096004E-003
  2.479125872852418E-003
  0.000000000000000E+000
 -1.753209547726415E-004
 -9.774334662612632E-003
  0.000000000000000E+000
 -2.478220427824579E-003
  0.000000000000000E+000
  2.653541382597221E-003
  3.695236354396022E-004
  4.817613028114134E-003
  0.000000000000000E+000
  2.050260502403090E-003
  0.000000000000000E+000
 -2.419784137842692E-003
 -1.001343376008581E-002
  0.175643359933023     
  2.627174491217534E-002
  5.596828926654956E-002
  6.284712332716985E-003
 -0.376319662724576     
  0.132112617991984     
  9.565589376090734E-004
 -0.700790958177579     
  3.929637962640550E-002
  0.000000000000000E+000
  0.200203662685133     
  2.214518301754113E-002
  0.000000000000000E+000
  4.723936017719623E-003
 -4.876670712878911E-003
  0.000000000000000E+000
 -3.950555274829470E-002
  2.142229267018538E-003
  0.000000000000000E+000
  1.912390878678602E-002
  0.000000000000000E+000
  2.038164396150868E-002
  2.426834892910306E-002
 -5.233588743040404E-005
  0.000000000000000E+000
 -1.706537632192268E-002
  0.000000000000000E+000
 -7.202972607180384E-003
  4.303823409250201E-003
  0.164844024960186     
 -1.569839100616782E-003
  7.605992711913863E-002
   1.09709580379785     
 -3.185975339190838E-003
  2.334726580826242E-002
 -5.193725280883145E-002
  2.201042818716231E-002
  6.330844673988459E-002
 -2.051683659013065E-002
  0.000000000000000E+000
 -2.400535833526544E-002
 -3.848878720276330E-002
  0.000000000000000E+000
  1.244261416377337E-002
 -1.937581616700674E-002
  0.000000000000000E+000
  4.291471205319437E-003
  4.297563938573470E-002
  0.000000000000000E+000
  1.707432945993609E-003
  0.000000000000000E+000
 -5.998904151313047E-003
 -2.694370047446562E-003
 -1.661897314276028E-002
  0.000000000000000E+000
  1.686013226844970E-002
  0.000000000000000E+000
 -1.416576222100313E-002
  5.822547501720158E-004
 -0.228963858695597     
 -0.211336633990337     
 -0.174099163152763     
 -0.130507595396169     
   1.24737525174434     
  0.000000000000000E+000
  0.000000000000000E+000
  0.000000000000000E+000
  0.000000000000000E+000
  0.000000000000000E+000
  0.000000000000000E+000
 -1.340752808712831E-002
  0.000000000000000E+000
  0.000000000000000E+000
 -0.113846516584692     
  0.000000000000000E+000
  0.000000000000000E+000
 -4.913758995494714E-002
  0.000000000000000E+000
  0.000000000000000E+000
  6.175771343698916E-002
  0.000000000000000E+000
 -1.235978194254751E-002
  0.000000000000000E+000
  0.000000000000000E+000
  0.000000000000000E+000
 -2.717544777932709E-002
  0.000000000000000E+000
 -2.623270051052241E-002
  0.000000000000000E+000
  0.000000000000000E+000
  0.000000000000000E+000
  0.000000000000000E+000
  0.000000000000000E+000
  0.000000000000000E+000
  0.000000000000000E+000
   1.70254980867696     
  5.602597279348628E-003
 -2.616035064078590E-002
  2.194940060453245E-002
 -1.240123003841595E-003
 -1.282597032350140E-004
  1.050609647773109E-002
  0.000000000000000E+000
  7.544874016507726E-003
 -2.653249594974595E-003
  0.000000000000000E+000
 -1.318915131879166E-004
  1.185382619598019E-003
  0.000000000000000E+000
 -7.633656634946566E-004
 -3.113252584575617E-003
  0.000000000000000E+000
 -1.072813852044713E-004
  0.000000000000000E+000
  8.706470486991280E-004
  1.106118352418957E-003
  8.634800380109011E-004
  0.000000000000000E+000
 -1.285641620612181E-003
  0.000000000000000E+000
  1.795232681932239E-004
  9.249719174604445E-003
 -7.029896608304086E-002
  1.563989048594182E-002
  5.552491002805305E-003
 -7.967631814443047E-003
 -8.096602953776072E-002
  0.000000000000000E+000
  1.061821058547517E-002
  1.004783861947199E-003
  1.210520945751260E-002
  8.989063989848079E-003
 -1.017510910964362E-003
  2.176658318620945E-002
  2.873457478759844E-003
  0.000000000000000E+000
  1.795111978628066E-003
 -1.095667785572250E-003
  0.000000000000000E+000
 -1.834842060048084E-004
  1.971501022682683E-003
  0.000000000000000E+000
  5.156430384510428E-004
 -3.827582813847332E-003
  0.000000000000000E+000
 -6.831299754258106E-004
  0.000000000000000E+000
  1.674869369747677E-004
  2.017402090485799E-004
  9.078914077040919E-004
  0.000000000000000E+000
 -1.139265900263280E-003
  0.000000000000000E+000
  9.375256912146997E-004
 -3.010855509515355E-003
 -9.478836709972450E-002
  2.082642360139200E-002
  2.121128107460046E-003
 -5.917845914614055E-002
 -0.100711660828144     
  0.000000000000000E+000
  1.312996599120939E-002
  1.939945807786546E-002
  0.000000000000000E+000
  0.000000000000000E+000
  0.000000000000000E+000
  0.000000000000000E+000
  0.000000000000000E+000
  0.000000000000000E+000
 -1.077913087069734E-002
  0.000000000000000E+000
  0.000000000000000E+000
 -3.078331096383529E-003
  0.000000000000000E+000
  0.000000000000000E+000
 -2.778647135013902E-003
  0.000000000000000E+000
  0.000000000000000E+000
  3.651787393673586E-003
  0.000000000000000E+000
 -1.076154817509644E-003
  0.000000000000000E+000
  0.000000000000000E+000
  0.000000000000000E+000
 -1.111964475126762E-003
  0.000000000000000E+000
 -9.189938017697653E-004
  0.000000000000000E+000
  0.000000000000000E+000
  0.000000000000000E+000
  0.000000000000000E+000
  0.000000000000000E+000
  0.000000000000000E+000
  0.000000000000000E+000
  9.305489293371190E-002
  0.000000000000000E+000
  0.000000000000000E+000
  5.202141854751685E-003
  1.590656687274031E-003
 -1.064350333383517E-002
  3.435412022630889E-003
  1.724890554525893E-003
 -4.253168718962399E-002
 -3.005243222294591E-002
  0.000000000000000E+000
  1.119045890996413E-002
  1.144310100859160E-002
  0.000000000000000E+000
  8.132798137077443E-004
 -3.925731804865785E-004
  0.000000000000000E+000
 -2.234883012209575E-003
  1.387478740212106E-003
  0.000000000000000E+000
  1.674561257676488E-003
  0.000000000000000E+000
  5.603217545330867E-004
  1.180231858409284E-003
 -6.083236422467820E-004
  0.000000000000000E+000
 -2.004546035084702E-003
  0.000000000000000E+000
  8.243141766754180E-004
  1.593497615019307E-003
  1.882800256474515E-004
 -1.150057776630124E-003
 -2.063642005226204E-003
  5.689688926241995E-002
 -1.120841505708499E-003
  0.000000000000000E+000
 -9.695183887026202E-004
 -3.236921519086079E-003
  0.000000000000000E+000
  4.266639783942835E-003
  5.631690385305320E-004
 -1.193042101026076E-002
  2.716004605255934E-003
  1.483000180386192E-003
 -2.660867238357852E-005
 -1.176300895147160E-002
  0.000000000000000E+000
 -6.335307054418046E-004
  1.838437175738564E-003
  0.000000000000000E+000
  7.003721637392516E-004
 -1.168037937485664E-003
  0.000000000000000E+000
  3.612536357976625E-005
  2.570614176425946E-003
  0.000000000000000E+000
  3.671671853286698E-004
  0.000000000000000E+000
 -4.032925489084361E-004
 -2.068054763930473E-005
 -9.443688104469178E-004
  0.000000000000000E+000
  3.262193789101419E-004
  0.000000000000000E+000
 -3.055388312708372E-004
 -5.173886964460211E-004
 -5.835732388515306E-003
 -1.121384765177645E-002
 -9.018212397145939E-003
  3.781945369831813E-003
  6.324548249772519E-002
  0.000000000000000E+000
 -4.358116168981331E-003
 -6.037849478083036E-003
  0.000000000000000E+000
  7.833583102230720E-004
  3.543990812316102E-003
  0.000000000000000E+000
  0.000000000000000E+000
  0.000000000000000E+000
  0.000000000000000E+000
  0.000000000000000E+000
  0.000000000000000E+000
 -4.149325492545822E-002
  0.000000000000000E+000
  0.000000000000000E+000
  1.688679332588185E-003
  0.000000000000000E+000
  0.000000000000000E+000
 -5.074728490797049E-003
  0.000000000000000E+000
  0.000000000000000E+000
  7.016451879142223E-003
  0.000000000000000E+000
 -2.786319844767847E-003
  0.000000000000000E+000
  0.000000000000000E+000
  0.000000000000000E+000
 -1.106476115937204E-003
  0.000000000000000E+000
 -4.501284580870585E-004
  0.000000000000000E+000
  0.000000000000000E+000
  0.000000000000000E+000
  0.000000000000000E+000
  0.000000000000000E+000
  0.000000000000000E+000
  0.000000000000000E+000
  0.162938784612007     
  0.000000000000000E+000
  0.000000000000000E+000
  9.370362850360220E-003
  0.000000000000000E+000
  0.000000000000000E+000
  1.745384177645588E-002
 -2.133933293422484E-004
  9.576217792530897E-003
 -3.743664006334771E-003
 -1.762391421537033E-004
  9.187104109150728E-003
 -5.519156080831780E-004
  0.000000000000000E+000
 -2.957214894058291E-003
  1.068961380618855E-004
  0.000000000000000E+000
 -1.811457682461405E-004
  2.540189193242349E-004
  0.000000000000000E+000
  5.609070263118123E-004
 -3.566964174363478E-004
  0.000000000000000E+000
 -2.936471665000743E-004
  0.000000000000000E+000
 -2.672598598117380E-004
 -3.912083022603747E-004
  1.293644019969173E-004
  0.000000000000000E+000
  1.547583018503714E-004
  0.000000000000000E+000
  2.364500004100033E-004
 -2.422509169608482E-004
  2.587384954857582E-003
  1.621927163041101E-003
  3.371273425772148E-004
 -1.524073512380715E-002
 -7.727346072253434E-003
  0.000000000000000E+000
  4.716109298664203E-004
  1.422819204983507E-003
  0.000000000000000E+000
 -8.091614554284084E-004
 -5.723501021487323E-004
  0.000000000000000E+000
  3.077199601221575E-004
  3.646592175642575E-005
 -6.606987665665052E-003
  1.916872141050582E-003
  4.285609046710751E-004
 -1.190846904014502E-002
 -9.443935551792595E-003
  0.000000000000000E+000
  2.673677448346996E-003
  3.754204062301327E-003
  0.000000000000000E+000
  1.475261813333993E-004
 -1.527587617606790E-004
  0.000000000000000E+000
 -5.983327979010670E-004
  4.148193494483431E-004
  0.000000000000000E+000
  4.761356135726259E-004
  0.000000000000000E+000
  1.221971843284410E-004
  2.965579379562773E-004
 -1.309208925814050E-004
  0.000000000000000E+000
 -5.991642240135957E-004
  0.000000000000000E+000
  3.026062860573183E-004
  1.538216992411969E-004
  8.055204025199233E-003
 -5.300988847936680E-004
  2.412936581318016E-004
  1.945367126374230E-002
 -6.461432893516900E-004
  0.000000000000000E+000
 -6.325573164080254E-004
 -1.575246738659105E-003
  0.000000000000000E+000
  1.358142825251004E-003
  2.943757610302814E-004
  0.000000000000000E+000
 -2.711873637218913E-004
  4.804312134689256E-004
  0.000000000000000E+000
  0.000000000000000E+000
  0.000000000000000E+000
  0.000000000000000E+000
  0.000000000000000E+000
  0.000000000000000E+000
 -8.895157663747469E-003
  0.000000000000000E+000
  0.000000000000000E+000
  3.542596255572400E-003
  0.000000000000000E+000
  0.000000000000000E+000
  2.327392862888819E-004
  0.000000000000000E+000
  0.000000000000000E+000
 -1.499280450450511E-004
  0.000000000000000E+000
 -2.786990994311879E-004
  0.000000000000000E+000
  0.000000000000000E+000
  0.000000000000000E+000
  5.084490809002963E-004
  0.000000000000000E+000
  6.288387085608239E-004
  0.000000000000000E+000
  0.000000000000000E+000
  0.000000000000000E+000
  0.000000000000000E+000
  0.000000000000000E+000
  0.000000000000000E+000
  0.000000000000000E+000
 -1.094400603353661E-002
  0.000000000000000E+000
  0.000000000000000E+000
 -4.943512704906048E-004
  0.000000000000000E+000
  0.000000000000000E+000
 -6.318898628434937E-004
  0.000000000000000E+000
  0.000000000000000E+000
  1.631503684475479E-004
  4.235373954211851E-005
 -5.539210713770096E-003
  1.267095784829479E-003
  3.189716914500096E-004
 -5.287722060550149E-003
 -2.526920499597309E-004
  0.000000000000000E+000
  1.300627500133655E-003
 -2.260015415546939E-004
  0.000000000000000E+000
  2.036647247681802E-004
 -3.712439560594518E-004
  0.000000000000000E+000
 -2.853342773107223E-004
  6.945088641313908E-004
  0.000000000000000E+000
  2.022554888832871E-004
  0.000000000000000E+000
  8.307878842743518E-005
  1.774755642904070E-004
 -2.400573827449383E-004
  0.000000000000000E+000
  8.728923501557042E-005
  0.000000000000000E+000
 -2.647647993059774E-004
  1.100930960622405E-004
  7.921826566136894E-004
 -3.389366242352062E-003
 -1.660509250030872E-003
  9.574736158693843E-003
  1.808145836975240E-002
  0.000000000000000E+000
 -1.433773473494612E-003
 -2.356487954527116E-003
  0.000000000000000E+000
  5.663291174288661E-004
  1.056306840586117E-003
  0.000000000000000E+000
 -2.842617276741114E-004
  2.083390763855883E-004
  0.000000000000000E+000
  3.916715068379949E-004
  0.000000000000000E+000
  0.000000000000000E+000
  0.000000000000000E+000
  0.000000000000000E+000
  0.000000000000000E+000
  0.000000000000000E+000
  2.903183164830094E-004
  0.000000000000000E+000
  0.000000000000000E+000
 -1.517796606142577E-003
  0.000000000000000E+000
  0.000000000000000E+000
 -5.898055716499907E-004
  0.000000000000000E+000
  0.000000000000000E+000
  7.341046163332253E-004
  0.000000000000000E+000
 -1.313693025948532E-004
  0.000000000000000E+000
  0.000000000000000E+000
  0.000000000000000E+000
 -3.453180968541671E-004
  0.000000000000000E+000
 -3.402911502491382E-004
  0.000000000000000E+000
  0.000000000000000E+000
  0.000000000000000E+000
  0.000000000000000E+000
  0.000000000000000E+000
  0.000000000000000E+000
  0.000000000000000E+000
  2.058101269227988E-002
  0.000000000000000E+000
  0.000000000000000E+000
  1.119651060508108E-003
  0.000000000000000E+000
  0.000000000000000E+000
  1.948732575539355E-003
  0.000000000000000E+000
  0.000000000000000E+000
 -1.369694189610612E-004
  0.000000000000000E+000
  2.490258758619847E-004
  1.710395898001299E-004
 -4.037007078760801E-003
  2.476568221505292E-003
 -1.427325492963063E-004
 -3.899382048600578E-003
  8.046076580429089E-004
  0.000000000000000E+000
  1.656587393924636E-003
  1.191054034928084E-004
  0.000000000000000E+000
 -2.251895652203967E-005
  1.172250367352169E-004
  0.000000000000000E+000
 -2.755727490010901E-004
 -3.378124466950430E-004
  0.000000000000000E+000
  9.139167761678722E-005
  0.000000000000000E+000
  1.841810713843028E-004
  2.137327379699677E-004
  1.106929807480210E-004
  0.000000000000000E+000
 -2.420475368659418E-004
  0.000000000000000E+000
  2.831479889597416E-005
  1.321578208986077E-004
 -3.379567611471272E-003
  1.767439079310961E-003
  1.323381907453657E-003
  5.665998965113304E-003
 -1.035411229749897E-002
  0.000000000000000E+000
  9.621625436281916E-004
  9.336687495436087E-004
  0.000000000000000E+000
  2.428323379995422E-004
 -4.839567384373843E-004
  0.000000000000000E+000
 -2.345823244804603E-005
  6.284828733630300E-005
  0.000000000000000E+000
 -1.074097791638835E-004
  0.000000000000000E+000
  1.308680116119295E-004
 -1.646740994318325E-003
  1.552957675348372E-002
 -8.151505119972702E-003
  1.969405786324205E-004
  4.823250332721084E-003
 -4.068466924121918E-003
  0.000000000000000E+000
 -3.012441859473907E-003
  1.229429401159432E-003
  0.000000000000000E+000
 -6.267146434503024E-005
  3.745318382470456E-005
  0.000000000000000E+000
  4.617329424142297E-004
  2.832339742445788E-004
  0.000000000000000E+000
 -1.264162701695297E-004
  0.000000000000000E+000
 -3.353166722447000E-004
 -4.622411259698627E-004
 -8.233891935680871E-005
  0.000000000000000E+000
  2.353512098576534E-004
  0.000000000000000E+000
  2.268899161122093E-004
 -1.202065871039471E-003
  1.277593596874326E-002
 -1.135737526547185E-003
 -9.745990554432913E-004
 -9.474898112818602E-003
  6.336645606628546E-003
  0.000000000000000E+000
 -1.401110906199405E-003
 -9.964608970147286E-004
  0.000000000000000E+000
 -3.037531705365669E-004
  2.151633072762284E-004
  0.000000000000000E+000
  1.674702656480435E-004
 -7.029566882270106E-005
  0.000000000000000E+000
  1.866464911342373E-006
  0.000000000000000E+000
 -1.693367305593859E-004
  3.923051589391969E-004
  1.387293027601837E-003
 -1.223907884508995E-002
  8.378584525869015E-003
  2.060234009097233E-004
 -1.336670327048967E-002
 -1.922877513348760E-002
  0.000000000000000E+000
  4.816131457589170E-003
  8.092047416831285E-003
  0.000000000000000E+000
 -2.736533624188520E-006
  5.604959636227758E-004
  0.000000000000000E+000
 -8.435395092451440E-004
 -9.420898244708297E-004
  0.000000000000000E+000
  6.150915576089186E-004
  0.000000000000000E+000
  2.284479516362256E-004
  5.510302700449162E-004
  2.725518030014413E-004
  0.000000000000000E+000
 -1.754622126373109E-003
  0.000000000000000E+000
  1.203591856328193E-003
  7.081826358446446E-004
 -7.405776172932556E-003
  8.248702096098742E-003
  3.535333330672785E-003
  1.814114658360254E-002
 -4.956802068823964E-002
  0.000000000000000E+000
  3.904782801296511E-003
  4.315911537876912E-003
  0.000000000000000E+000
  1.506688801628900E-003
 -2.126094628647455E-003
  0.000000000000000E+000
  5.790314018449709E-005
  4.325348558134949E-004
  0.000000000000000E+000
 -5.920345736002662E-004
  0.000000000000000E+000
  5.341314334157691E-004
 -5.120863311205271E-004
  2.848165415621210E-003
  0.000000000000000E+000
  0.000000000000000E+000
  0.000000000000000E+000
  0.000000000000000E+000
  0.000000000000000E+000
  0.000000000000000E+000
 -1.851116734443592E-002
  0.000000000000000E+000
  0.000000000000000E+000
  7.959032684878919E-003
  0.000000000000000E+000
  0.000000000000000E+000
  7.279704279993394E-004
  0.000000000000000E+000
  0.000000000000000E+000
 -6.171513083835323E-004
  0.000000000000000E+000
 -5.212045485482507E-004
  0.000000000000000E+000
  0.000000000000000E+000
  0.000000000000000E+000
  1.195659593691461E-003
  0.000000000000000E+000
  1.442447263525354E-003
  0.000000000000000E+000
  0.000000000000000E+000
  0.000000000000000E+000
  0.000000000000000E+000
  0.000000000000000E+000
  0.000000000000000E+000
  0.000000000000000E+000
 -3.123774741951139E-002
  0.000000000000000E+000
  0.000000000000000E+000
 -1.490540872387810E-003
  0.000000000000000E+000
  0.000000000000000E+000
 -2.121822426302872E-003
  0.000000000000000E+000
  0.000000000000000E+000
  3.946101166463141E-004
  0.000000000000000E+000
 -3.873751820681039E-004
  0.000000000000000E+000
  0.000000000000000E+000
  0.000000000000000E+000
  9.779102473353070E-004
  1.026068161723687E-003
 -5.885087736526400E-003
  5.154187605899079E-003
 -3.918980876394272E-005
 -5.088814646455882E-004
  1.470349783597547E-003
  0.000000000000000E+000
  2.159398278578509E-003
 -7.084240428062050E-004
  0.000000000000000E+000
  1.268051504779020E-004
  1.393992691076625E-004
  0.000000000000000E+000
 -2.240328918867504E-004
 -3.883523342716837E-004
  0.000000000000000E+000
  3.705963672344094E-005
  0.000000000000000E+000
  1.869732551633094E-004
  3.007854529257947E-004
  4.207247426952757E-005
  0.000000000000000E+000
 -2.491830862513295E-004
  0.000000000000000E+000
 -5.160236667446522E-005
  6.578893753294403E-004
 -2.311792340156862E-002
  2.284709830622905E-003
 -4.856626757988847E-004
 -3.005157352975277E-003
 -1.011949014391661E-002
  0.000000000000000E+000
  2.152023920121012E-003
  2.696731961964384E-003
  0.000000000000000E+000
 -1.904580319197215E-004
 -5.784376663501214E-004
  0.000000000000000E+000
  4.972728443578668E-005
 -1.633169715923846E-004
  0.000000000000000E+000
 -2.181067472548049E-004
  0.000000000000000E+000
  1.683794628190182E-004
 -3.215022502191590E-004
  6.360213836334678E-004
  0.000000000000000E+000
  5.059950017572442E-004
  0.000000000000000E+000
  0.000000000000000E+000
  0.000000000000000E+000
  0.000000000000000E+000
  0.000000000000000E+000
  0.000000000000000E+000
  7.587362472800045E-003
  0.000000000000000E+000
  0.000000000000000E+000
 -4.347710325774261E-003
  0.000000000000000E+000
  0.000000000000000E+000
 -7.490843646257455E-004
  0.000000000000000E+000
  0.000000000000000E+000
  8.174597619344504E-004
  0.000000000000000E+000
  1.048934923611621E-004
  0.000000000000000E+000
  0.000000000000000E+000
  0.000000000000000E+000
 -7.445507367911964E-004
  0.000000000000000E+000
 -8.387709079319529E-004
  0.000000000000000E+000
  0.000000000000000E+000
  0.000000000000000E+000
  0.000000000000000E+000
  0.000000000000000E+000
  0.000000000000000E+000
  0.000000000000000E+000
  2.845953022129939E-002
  0.000000000000000E+000
  0.000000000000000E+000
  1.465204428270264E-003
  0.000000000000000E+000
  0.000000000000000E+000
  2.362293039302289E-003
  0.000000000000000E+000
  0.000000000000000E+000
 -2.636524088605304E-004
  0.000000000000000E+000
  3.480942791991730E-004
  0.000000000000000E+000
  0.000000000000000E+000
  0.000000000000000E+000
 -6.907332968244252E-004
  0.000000000000000E+000
  5.459254970567127E-004
  6.206728325946373E-004
 -9.644489016957317E-003
  2.997317514073623E-003
 -1.577507698684778E-004
 -4.314368868075497E-003
  2.598117140524371E-003
  0.000000000000000E+000
  8.530435808953982E-004
 -5.210053583532272E-004
  0.000000000000000E+000
 -6.413368613287173E-005
 -1.768524529323671E-004
  0.000000000000000E+000
 -2.377000505274794E-004
  1.051183600271050E-004
  0.000000000000000E+000
  8.935663344608881E-005
  0.000000000000000E+000
  1.483434170813906E-004
  1.614556730440680E-004
  4.026644508728115E-005
  0.000000000000000E+000
  1.383187639367615E-005
  0.000000000000000E+000
 -1.752875494377441E-004
  5.441764957100312E-004
  1.034198743282535E-002
 -1.148972304075720E-003
  1.460261731242176E-003
  1.248005546579388E-002
  3.782844537288063E-003
  0.000000000000000E+000
 -7.509130139216065E-004
 -1.700271064949655E-003
  0.000000000000000E+000
  4.942112024562884E-004
  3.632743590738929E-004
  0.000000000000000E+000
 -2.171975500838302E-004
  2.336126404150856E-004
  0.000000000000000E+000
  2.162402823434625E-004
  0.000000000000000E+000
  9.572677403676652E-007
 -7.080290872003787E-005
 -1.239350525129408E-004
  0.000000000000000E+000
 -1.844927515380851E-004
  0.000000000000000E+000
  2.552956602581230E-004
 -4.894798833624849E-003
 -0.100496200671239     
 -5.099876905024050E-002
  1.605498819392115E-002
 -0.147424349158276     
 -5.957101092939804E-002
  0.000000000000000E+000
 -3.720172192455497E-003
  4.672919938659717E-003
  0.000000000000000E+000
  6.825020091640864E-003
 -1.907223961519415E-002
  0.000000000000000E+000
 -4.184759735042165E-003
  3.932578701721035E-002
  0.000000000000000E+000
  6.559702530814116E-003
  0.000000000000000E+000
 -2.374942795771951E-003
 -3.004045286903083E-004
 -1.211852657497461E-002
  0.000000000000000E+000
  1.004766939551473E-002
  0.000000000000000E+000
 -9.747264866824420E-003
 -5.985844360066834E-003
  0.421858553972985     
 -0.197351515145529     
 -8.076190353513057E-002
  0.354443497631797     
   1.03363424528951     
  0.000000000000000E+000
 -0.103560076559227     
 -0.149114249107814     
  0.000000000000000E+000
  2.288738797149836E-002
  5.885542602236744E-002
  0.000000000000000E+000
 -1.206297224539662E-002
  1.020103860937106E-002
  0.000000000000000E+000
  2.075798107845773E-002
  0.000000000000000E+000
 -8.695008833061110E-003
  7.076059640824699E-003
 -4.062465947134647E-002
  0.000000000000000E+000
 -1.866671496310588E-002
  0.000000000000000E+000
  1.159065532228118E-002
   1.24616564639462     
 -2.112958603101636E-003
  0.114561281208771     
 -6.148474654919911E-003
  1.011651992063612E-003
  7.483819036049978E-002
 -9.287746897764287E-002
  0.000000000000000E+000
 -4.081388350098393E-003
  3.074380470196759E-002
  0.000000000000000E+000
  8.590331848640708E-005
  6.890987914318601E-003
  0.000000000000000E+000
  3.028782886130319E-003
 -9.630860233883255E-003
  0.000000000000000E+000
 -1.045906505528843E-003
  0.000000000000000E+000
 -1.982876380601476E-003
 -1.332743415509313E-003
  1.729265829101450E-003
  0.000000000000000E+000
 -6.467206443948373E-003
  0.000000000000000E+000
  7.799949859457686E-003
  5.419438140119056E-003
 -0.265825188426715     
  6.848770158501730E-002
 -5.528913461402635E-003
 -0.224924339351019     
 -0.337244710453594     
  0.000000000000000E+000
  3.893935381710679E-002
  6.243177828358935E-002
  0.000000000000000E+000
 -8.233426227791798E-003
 -1.964037905423431E-002
  0.000000000000000E+000
  5.525741274995844E-003
 -4.414318303397646E-003
  0.000000000000000E+000
 -8.168218565840104E-003
  0.000000000000000E+000
  2.642477290844260E-003
 -1.496199876804709E-003
  1.552588460301630E-002
  0.000000000000000E+000
  7.789108625587342E-003
  0.000000000000000E+000
 -6.292908748782632E-003
 -0.484716781823275     
  0.218680262368456     
 -9.207385909855458E-004
  2.477693767168567E-003
 -6.589500770239189E-004
 -7.076080316356051E-004
  1.672344542136655E-002
  1.090384938744271E-002
  0.000000000000000E+000
 -4.502943268481856E-003
 -4.065484953679748E-003
  0.000000000000000E+000
 -3.590674072130867E-004
  1.709777687393868E-004
  0.000000000000000E+000
  8.819709869781604E-004
 -5.979970832014745E-004
  0.000000000000000E+000
 -6.502002356290097E-004
  0.000000000000000E+000
 -2.317707513491508E-004
 -4.680017123526654E-004
  2.734859538929316E-004
  0.000000000000000E+000
  7.188021099741523E-004
  0.000000000000000E+000
 -2.508003976214870E-004
 -6.793030912520951E-004
  2.374664674073642E-003
  7.821014065098338E-004
  1.282092696688349E-003
 -2.112605133904826E-002
 -1.984332373188693E-003
  0.000000000000000E+000
  4.516274652621087E-004
  1.288622658414561E-003
  0.000000000000000E+000
 -1.609449819563598E-003
 -3.917679446695937E-004
  0.000000000000000E+000
  3.171213987002904E-004
 -4.976173658124635E-004
  0.000000000000000E+000
 -2.413113706571759E-004
  0.000000000000000E+000
 -7.581002804311443E-005
  1.053145115706715E-004
 -4.750576403397118E-004
  0.000000000000000E+000
  6.897244697155511E-005
  0.000000000000000E+000
 -1.742869585422266E-004
 -9.910087653703338E-003
  3.358604881558524E-003
  6.167355601408736E-004
 -1.819083439331063E-004
 -2.179471794296665E-003
  3.950883252016717E-003
 -4.535376765807235E-004
 -1.326433792248317E-002
  2.868384141828471E-003
  0.000000000000000E+000
  5.657118747955301E-003
  3.671707713848492E-004
  0.000000000000000E+000
 -5.079418744651881E-005
  5.976030599259983E-004
  0.000000000000000E+000
 -8.998518825368683E-004
 -1.342388635482953E-003
  0.000000000000000E+000
  2.774249864729406E-004
  0.000000000000000E+000
  6.224268960639276E-004
  6.508674162326891E-004
  3.881794176050258E-004
  0.000000000000000E+000
 -8.067455727736548E-004
  0.000000000000000E+000
  1.558781565409657E-004
  6.017055542432426E-004
 -1.631161368386046E-002
  7.203221476086223E-003
  4.129767086950367E-003
  1.312181262201815E-002
 -4.033412640231746E-002
  0.000000000000000E+000
  3.715094950576958E-003
  4.280254241972752E-003
  0.000000000000000E+000
  5.796795750761491E-004
 -2.072353932367156E-003
  0.000000000000000E+000
  7.748859763301145E-005
  7.761848345329237E-005
  0.000000000000000E+000
 -5.363970485496369E-004
  0.000000000000000E+000
  4.589084509166255E-004
 -4.876886196537636E-004
  1.936148983170128E-003
  0.000000000000000E+000
  6.580653683755917E-004
  0.000000000000000E+000
 -1.703767487218282E-004
 -3.818232803417419E-002
  1.323322572216957E-002
 -1.754241726568049E-004
  1.770673380210923E-003
  4.103915897700886E-004
  8.468448835520051E-003
  4.903251375228864E-003
 -5.165599066454066E-004
  1.041542923516922E-002
 -3.642259440452458E-004
  0.000000000000000E+000
  1.743410592047845E-003
  2.014980787444381E-004
  0.000000000000000E+000
 -7.364422748460503E-005
  1.215985013227499E-003
  0.000000000000000E+000
  1.809523510727766E-004
 -2.289943619391714E-003
  0.000000000000000E+000
 -3.132649767741914E-004
  0.000000000000000E+000
  1.323126257014148E-004
  1.781403464113377E-004
  5.310726041956640E-004
  0.000000000000000E+000
 -8.336712171464243E-004
  0.000000000000000E+000
  6.555308707350867E-004
  1.607196643058235E-003
 -5.662085223451761E-002
  1.284144774529272E-002
  1.321883627849305E-003
 -3.274781616691629E-002
 -6.294894667653791E-002
  0.000000000000000E+000
  7.967924528464064E-003
  1.169280289680834E-002
  0.000000000000000E+000
 -1.704142570261010E-003
 -3.720946869707848E-003
  0.000000000000000E+000
  8.395563616667083E-004
 -8.754854319125884E-004
  0.000000000000000E+000
 -1.428110226120567E-003
  0.000000000000000E+000
  5.885538644538586E-004
 -6.046596462005935E-004
  2.766422716305613E-003
  0.000000000000000E+000
  1.622451613618693E-003
  0.000000000000000E+000
 -1.017791967418099E-003
 -9.051251089717315E-002
  3.796937711703748E-002
  6.857210692674828E-004
  2.680409864102431E-003
  7.074410718775083E-003
  0.000000000000000E+000
  0.000000000000000E+000
  0.000000000000000E+000
  0.000000000000000E+000
  0.000000000000000E+000
  0.000000000000000E+000
 -3.304186361037074E-003
  0.000000000000000E+000
  0.000000000000000E+000
 -2.336523884213122E-003
  0.000000000000000E+000
  0.000000000000000E+000
 -1.430115242364778E-003
  0.000000000000000E+000
  0.000000000000000E+000
  1.843793914624645E-003
  0.000000000000000E+000
 -4.694166523537419E-004
  0.000000000000000E+000
  0.000000000000000E+000
  0.000000000000000E+000
 -6.674072649253651E-004
  0.000000000000000E+000
 -5.993579011028109E-004
  0.000000000000000E+000
  0.000000000000000E+000
  0.000000000000000E+000
  0.000000000000000E+000
  0.000000000000000E+000
  0.000000000000000E+000
  0.000000000000000E+000
  4.861477947377094E-002
  0.000000000000000E+000
  0.000000000000000E+000
  2.690863782921650E-003
  0.000000000000000E+000
  0.000000000000000E+000
  4.787713753398735E-003
  0.000000000000000E+000
  0.000000000000000E+000
 -2.823106346682454E-004
  0.000000000000000E+000
  5.861518586677419E-004
  0.000000000000000E+000
  0.000000000000000E+000
  0.000000000000000E+000
 -8.289243672021107E-004
  0.000000000000000E+000
  7.863825000240004E-004
  0.000000000000000E+000
  0.000000000000000E+000
  0.000000000000000E+000
  0.000000000000000E+000
  0.000000000000000E+000
  0.000000000000000E+000
  1.397969759415517E-003
  7.694391999231552E-004
 -8.583932821501151E-003
  3.738073330123862E-003
 -1.902263181517719E-003
 -4.800250048833720E-003
  3.736357748619375E-002
  0.000000000000000E+000
  2.960109181966630E-003
 -1.140875176538149E-002
  0.000000000000000E+000
 -5.262274984311384E-004
  2.872733193116190E-004
  0.000000000000000E+000
 -4.708702813451961E-004
 -1.696836258778565E-003
  0.000000000000000E+000
 -4.743640676913186E-004
  0.000000000000000E+000
  9.452343490365147E-004
  5.057224430763492E-004
  7.218268708547409E-004
  0.000000000000000E+000
  9.162195040780551E-004
  0.000000000000000E+000
 -1.421941947154404E-003
 -1.992232130587682E-005
  3.356251676759518E-003
  2.869987999832986E-003
  7.842677629361316E-003
  1.281666623813798E-002
 -1.632226776902743E-002
  0.000000000000000E+000
  1.442754427710025E-003
  8.098604575240887E-004
  0.000000000000000E+000
 -7.769939512263033E-004
 -1.140478251460988E-003
  0.000000000000000E+000
 -8.789890036995455E-005
 -2.156931661400779E-004
  0.000000000000000E+000
 -1.252363055829932E-004
  0.000000000000000E+000
  2.131352059529477E-004
 -3.833742026485867E-004
 -3.987085852773925E-005
  0.000000000000000E+000
  1.855601522513922E-004
  0.000000000000000E+000
  1.978140503971945E-004
 -1.145533333511963E-002
 -2.095865940116992E-003
  3.118754619035182E-004
  6.933410104493509E-004
  4.425069806689777E-004
  0.000000000000000E+000
  1.878442574569046E-003
  1.811376870243916E-003
 -2.431019797303218E-002
  1.092015504331988E-002
 -3.957899117197657E-004
 -7.999306018354621E-003
  1.056802118564710E-002
  0.000000000000000E+000
  3.897286987789839E-003
 -3.364328632904247E-003
  0.000000000000000E+000
  4.218119617245672E-005
 -2.727691990438955E-004
  0.000000000000000E+000
 -6.700215968858973E-004
 -1.208167310219863E-004
  0.000000000000000E+000
  1.445817313859652E-004
  0.000000000000000E+000
  5.254398654999322E-004
  6.370298852014708E-004
  8.306793471367396E-005
  0.000000000000000E+000
  1.944025015158978E-006
  0.000000000000000E+000
 -6.389739102166299E-004
 -1.377233431321798E-003
 -7.634783239411219E-003
 -7.707727314967478E-004
  1.746648781581678E-003
  1.914030956419484E-002
  3.116643456410776E-003
  0.000000000000000E+000
  5.387489055741804E-004
 -7.522211346501155E-004
  0.000000000000000E+000
  5.457987345294281E-004
  3.531088750887472E-004
  0.000000000000000E+000
 -3.945421325119465E-004
  2.019920931143124E-004
  0.000000000000000E+000
  2.650081012120782E-004
  0.000000000000000E+000
  1.295340312998683E-004
 -4.655304447402820E-004
  8.370032721457561E-005
  0.000000000000000E+000
  1.619836809287252E-004
  0.000000000000000E+000
  3.035467638115568E-004
  6.708642300118800E-003
 -5.517108977118621E-003
 -2.024190787432068E-004
  1.826156507311892E-004
 -4.727275684783198E-004
  0.000000000000000E+000
  6.543665490160427E-004
  8.120419820365690E-004
  0.000000000000000E+000
  0.000000000000000E+000
  0.000000000000000E+000
  0.000000000000000E+000
  0.000000000000000E+000
  0.000000000000000E+000
 -1.974415659664761E-003
  0.000000000000000E+000
  0.000000000000000E+000
 -1.093005407264623E-003
  0.000000000000000E+000
  0.000000000000000E+000
 -7.286772643927046E-004
  0.000000000000000E+000
  0.000000000000000E+000
  9.440855085784507E-004
  0.000000000000000E+000
 -2.501277849385080E-004
  0.000000000000000E+000
  0.000000000000000E+000
  0.000000000000000E+000
 -3.277311052050688E-004
  0.000000000000000E+000
 -2.890047721644189E-004
  0.000000000000000E+000
  0.000000000000000E+000
  0.000000000000000E+000
  0.000000000000000E+000
  0.000000000000000E+000
  0.000000000000000E+000
  0.000000000000000E+000
  2.467687035254070E-002
  0.000000000000000E+000
  0.000000000000000E+000
  1.369318072950603E-003
  0.000000000000000E+000
  0.000000000000000E+000
  2.443993432739051E-003
  0.000000000000000E+000
  0.000000000000000E+000
 -1.402299206945075E-004
  0.000000000000000E+000
  2.973760958536774E-004
  0.000000000000000E+000
  0.000000000000000E+000
  0.000000000000000E+000
 -4.143484807147968E-004
  0.000000000000000E+000
  3.964968981102044E-004
  0.000000000000000E+000
  0.000000000000000E+000
  0.000000000000000E+000
  0.000000000000000E+000
  0.000000000000000E+000
  0.000000000000000E+000
  7.106085893653139E-004
  0.000000000000000E+000
  0.000000000000000E+000
  3.613137090697124E-004
 -1.036777363866342E-002
  0.514066688767222     
 -0.237606479162971     
 -1.388228426794766E-002
 -0.231086401315664     
  0.440105166971324     
 -0.739264326010692     
  6.590303428332503E-002
 -0.135191609728070     
  0.220207851019145     
 -9.623181116540681E-004
  6.495490813284244E-003
 -1.147178700215942E-002
 -1.124165383564888E-002
 -1.448210780994831E-002
  2.613443744244577E-002
 -1.970534578415562E-003
 -3.059667123045766E-002
  1.321218841406445E-002
  4.922465113829015E-003
  3.984782732073330E-003
  2.485825559226044E-002
  1.410529742460216E-002
  3.533769412760460E-002
 -1.902776253843117E-002
 -3.681437466579926E-003
 -4.301931684903715E-002
  1.948658299155412E-002
  4.694606588365079E-002
  9.868509203763479E-002
 -6.828227623057745E-002
  0.160839095947366     
 -3.062851531219241E-003
  2.148121318241217E-003
  1.732063914109569E-002
 -5.775394575010813E-003
 -1.315017765258589E-002
  4.953296294516608E-002
  9.675752029584110E-004
 -3.534713475524117E-003
  6.591690531757696E-003
 -1.327424062503794E-003
  1.560176491113241E-003
  3.598488595453835E-004
  2.620282590768835E-003
 -8.694607128983187E-003
  1.297466615091744E-002
 -1.341625310538269E-003
 -3.943742067634965E-003
 -1.278657280230566E-003
 -5.703970395013142E-002
 -1.456727460829457E-002
  1.221987910248204E-003
  6.154871227596895E-003
  1.672800303985148E-003
  7.072971305252699E-003
  1.756102454188782E-002
 -2.188754500268709E-003
  3.842586280544466E-003
   1.15123234227232     
  2.026849019527553E-002
 -0.185499650650156     
  8.483988153020514E-002
 -2.177815526538267E-003
  5.587486592844497E-002
  1.417904609465173E-002
  3.810424549769692E-002
 -8.238350670572875E-003
 -6.901820746133279E-003
 -8.230291647219754E-003
 -9.655753142063963E-004
 -1.684313846883486E-003
  1.886772720029000E-003
  1.717864847487248E-003
 -3.281626658036545E-004
 -2.969630988935466E-003
 -1.212845071094560E-003
  1.889608761660562E-003
 -5.050197763926878E-004
  5.110804871931583E-004
  7.487540664022816E-004
 -5.498365620912420E-004
  1.282555007528617E-004
 -1.109911623152987E-003
 -6.393359879460200E-004
  2.073668224839594E-003
 -9.131701682654409E-003
 -3.903931458276329E-003
  6.123558350137758E-003
  4.677106054521082E-003
  1.545106498237842E-002
 -5.329033205219702E-002
  4.166115935614251E-003
 -9.426871476544182E-005
 -3.348205617457413E-003
 -1.805824289204084E-003
  2.311184216405678E-003
 -6.843345234232882E-003
 -9.074262052227704E-004
 -7.830985847452939E-005
 -4.683566179654230E-005
  6.230066685559044E-004
 -6.245784962142146E-004
  2.844195366668660E-004
 -2.154194663043311E-003
  2.481448390058577E-004
  1.645335142857357E-004
  1.053507124663446E-003
 -5.521249950905763E-004
  1.100687538379865E-003
  8.886447566287044E-003
 -1.338032725485859E-002
  8.977895072028508E-004
 -7.633436950757130E-004
 -4.805491883712164E-004
 -1.648312623928005E-003
  1.284361857818858E-003
  3.371302097374367E-003
 -8.495693247145145E-004
 -0.124412357638068     
  3.569770518993441E-002
  2.226351473117843E-003
 -4.605183628897909E-003
  1.710481262353265E-003
  3.976346364290592E-006
 -9.426739266681760E-003
  2.273375384193311E-003
 -1.287793625695434E-002
  2.972374270990380E-003
 -4.492231645301705E-004
  4.743919634452021E-003
  1.100650959255694E-004
 -9.445728346276733E-005
  1.771451551094304E-004
 -5.545291150158738E-004
  6.604278819436843E-005
 -1.690700222523412E-005
  2.433493324891269E-004
 -4.420400953273060E-004
  3.111797825267468E-004
  3.628959165377619E-004
 -3.141650656023108E-005
  6.458789148754340E-004
 -1.455592797630979E-004
  8.226308756212762E-004
 -2.173366367746640E-004
 -5.493955235368856E-005
 -1.727925353218348E-003
 -3.757951858800951E-004
  5.514903759892625E-004
  1.371464827768510E-002
  9.643555981838775E-004
 -1.029319970990075E-002
 -8.343486212119357E-005
 -7.458483973320675E-004
 -4.128069080407760E-004
  6.770189984507374E-004
  1.484265672506911E-004
 -3.855972716359865E-004
 -2.167376080879248E-004
  2.150006372242956E-004
  2.000671852117003E-004
  1.536541107098431E-004
 -1.311724774662992E-004
  6.308349737808172E-005
 -1.446105295081989E-004
  1.224655946564645E-004
  4.685054623092830E-004
 -7.002842613589578E-006
 -2.885203573901106E-004
  1.516133721217885E-004
  5.448206361952446E-003
 -3.148986346839024E-003
 -2.619271009934332E-004
  1.374309084851170E-004
 -4.209516188048380E-004
 -2.503588472836177E-004
  2.052394784620468E-004
  2.882343869221340E-004
 -1.226511020133612E-004
  1.228565788331089E-002
 -1.265681644426674E-004
  4.452538785781998E-004
 -5.267774808046487E-004
  1.129936345274932E-002
 -5.233713050266008E-003
 -3.615376499978165E-004
  6.383021171516260E-003
  7.121579532109613E-003
 -1.315276342570268E-002
 -2.201421725350173E-003
 -2.476556650121820E-003
  3.949346918892908E-003
 -1.774491943361420E-004
  1.634609011743100E-004
 -1.910328233931499E-004
  4.111817744941084E-004
 -3.191728929903606E-004
  4.486062302961041E-004
 -3.290381240848736E-004
 -5.412133338115127E-004
 -8.214365040923487E-005
 -2.980965572361425E-004
  1.293450179861900E-004
  4.496497558735609E-004
  4.881939926276821E-004
  6.358956494199356E-004
 -1.900974353915396E-004
 -5.707924728841353E-004
  4.117156699602783E-003
  3.248118604034777E-004
  6.617810830314279E-004
 -1.133176287595332E-002
 -3.599458222730040E-004
  2.407606856435819E-003
 -1.968941975644128E-004
  3.857053813826440E-004
  2.833912828327129E-004
 -8.327423663045550E-004
 -2.710034339105965E-004
  8.379922387912774E-004
  2.081564473850158E-004
 -2.711574895900291E-004
  1.202325415663209E-004
 -1.328503420044006E-004
  2.226829626152799E-005
 -7.530610538061519E-005
  1.917612177352468E-004
 -4.012994218881525E-004
  2.392481099965247E-004
 -6.940983383169125E-005
 -7.778684167998042E-005
 -1.223513839035555E-004
 -3.588971696548876E-003
  1.317365945341342E-003
  3.066745325836116E-004
 -1.354903321273127E-004
  1.988003569333483E-004
  1.128887873308297E-004
  1.673217104000511E-004
 -2.696575662872002E-004
  6.179323191421122E-005
  1.758743703714780E-002
 -1.849319831278949E-003
  4.110488927398001E-005
  4.526908509083922E-004
  6.273591883660592E-004
 -2.021798528049775E-002
  9.380719684383153E-003
 -5.117512002386592E-004
  6.221422446859657E-003
  6.756669854548719E-003
  1.744999807772173E-002
 -7.252823650423450E-004
 -2.341914960399235E-003
 -5.462589806201991E-003
 -1.966123725569948E-004
 -1.071721033208284E-004
  1.608845952646827E-004
  1.695827903186979E-004
 -3.264464830879187E-004
 -4.792407503422804E-004
 -2.262084485465049E-004
  6.957053196068169E-004
  5.662565822780703E-005
  9.152513008239264E-005
  1.987167659557487E-004
 -6.488198282004711E-004
  1.511689109646751E-004
 -8.944915757310989E-004
 -2.426940410470677E-004
  2.715929573194072E-004
 -6.664310147013574E-004
  2.388336888395922E-004
  1.814785812920354E-003
  7.042758702830447E-004
 -1.869255778759638E-003
  2.104941078539049E-005
  7.522576513678511E-004
  3.224024023304632E-004
 -2.005387163356726E-004
 -3.904375922140950E-004
  4.370030002052072E-006
 -8.052404099005158E-004
 -7.546227603755188E-005
 -6.972777375975469E-005
 -1.804439536274468E-004
  1.216657717546257E-005
  9.336659432516737E-006
  6.329569886208932E-005
 -2.739768329113168E-004
  4.799278556760186E-005
 -3.769534335091842E-004
  1.554446795678393E-004
  1.571744765492706E-004
  1.185321533434775E-004
 -2.464720736327702E-003
 -9.388121230433793E-004
  1.749828973785296E-004
  4.491252363001761E-005
  1.413082101069352E-004
 -5.804765651827343E-005
  3.991678699945338E-004
  4.140009095338449E-004
 -3.543176509516647E-005
 -2.160694284875681E-002
  4.315211658977360E-003
 -2.436028356328370E-004
 -3.487381515539170E-004
  7.829814933513618E-004
 -1.009319002405606E-003
  3.334416995800735E-002
 -1.550495429869219E-002
 -4.287711468186369E-004
 -1.017998270457442E-002
  1.727481490228327E-002
 -1.311800713421717E-002
  2.307385713787928E-003
 -5.333167272005253E-003
  4.114215426941153E-003
  6.582255415836551E-006
  3.361767027741219E-004
 -1.177381594298747E-004
 -4.039457997758581E-004
 -4.913130242856790E-004
  3.562522462966868E-004
 -8.045563093981718E-005
 -5.222216956550361E-004
  4.844014307156753E-004
  6.667572809552141E-005
  9.515825774890439E-005
  4.895597029617815E-004
  6.855340023488223E-004
  6.741937049768280E-004
 -7.522097304443437E-004
 -4.139640251279080E-004
 -3.015287877328162E-004
  5.012060121647188E-004
  1.126885340206573E-003
  2.094770462237267E-004
 -4.057708162442525E-004
 -1.272083006555250E-004
 -6.356986168190695E-004
 -9.157675554049627E-005
  1.446769361080925E-004
 -3.187860575490153E-004
 -5.369847290140268E-004
  5.947189180855114E-004
  1.245086892444548E-004
 -1.958807048751624E-004
  1.363734866913495E-004
 -7.434925903309467E-005
 -8.365728541327694E-006
 -5.015943021136009E-005
  2.950900614739963E-004
 -5.688568548246225E-004
  2.854366874916939E-004
 -1.612836218008251E-004
 -1.200254182786764E-004
 -1.338064396731711E-004
 -8.443815206471850E-004
 -3.090193824528796E-004
  6.369595013179702E-005
  1.345163538576435E-004
 -2.967898944311939E-005
  4.045969501942487E-005
  5.770292208931670E-004
 -3.475102414615992E-004
  2.502315352649449E-005
  3.679342088811183E-002
 -6.047400738554041E-003
  2.408921225454217E-004
  5.656705949223743E-004
 -7.589480454702788E-004
  1.578684427883121E-003
  1.866718697389911E-003
  9.379875280494419E-003
 -5.206223466768299E-003
  1.471506917618072E-005
 -9.659394123586084E-003
  1.140798778816867E-002
 -3.294095529071753E-002
  2.877802206894860E-003
 -4.093594969457488E-003
  1.318811525837203E-002
  2.393748755689612E-004
 -2.121940731519187E-004
  8.905452807414797E-004
 -5.111904218609757E-004
  3.762255007869358E-004
 -5.911098603929776E-004
  1.166874984095936E-004
 -1.025178009680231E-003
  3.945029234513821E-004
  2.853805342204759E-004
 -1.878261277313096E-004
  1.899090645651788E-003
  5.163091375956122E-004
  2.344482233533710E-003
 -8.016896718160881E-004
 -9.870618791379170E-004
 -6.180441081244186E-003
 -3.095983214263365E-003
 -1.365544382166569E-003
  7.942486171255585E-003
  1.876827677123171E-002
 -4.152369662716125E-002
 -1.365743695923293E-003
 -1.928519471146518E-003
 -1.885015835594527E-003
  2.207354745205253E-004
  7.816985158956328E-004
 -2.434938869184162E-003
 -2.247050972687674E-004
  2.414187742683788E-005
  6.106650426944245E-004
  3.424592546485504E-004
 -5.192676683720631E-004
 -1.177541573797830E-004
  7.003305941532026E-005
 -9.170707957608868E-004
  1.479769757471205E-003
 -1.848213644248256E-004
 -9.930782558305565E-004
  1.147883050095053E-004
  1.794639515860193E-002
 -7.404255177878649E-003
 -1.478691921539228E-004
 -4.122052108376581E-004
 -1.175928897416781E-003
 -1.073860716639461E-003
  2.758215012964607E-004
  1.736002102184649E-004
 -5.337165140840370E-004
  3.630856587944853E-002
 -1.793062202732820E-003
  9.242058644378809E-004
  5.013847918084048E-004
 -8.381196877174356E-004
  1.114214102769520E-003
  2.964092502250774E-003
 -1.850461605426219E-003
 -1.548959133311881E-002
  7.780834497234970E-003
  1.456171224551421E-003
 -6.224401557150443E-004
 -4.036088501075577E-002
  1.152522567809343E-002
 -7.255159141447377E-004
  1.366285900376105E-002
 -3.911468772746070E-003
  2.659448490871015E-004
 -1.009879037495796E-004
 -1.979424382427385E-005
  2.992401757873948E-005
  8.928183773675599E-004
 -1.586436081514467E-004
  6.599673749515462E-004
  4.290813970148234E-004
 -6.898913925302856E-004
 -1.062668307914283E-004
 -3.446648044970012E-004
 -4.996987512184603E-004
 -1.702547937156098E-003
 -6.600188258569068E-004
  1.808814767947526E-003
  2.386069844233862E-004
  3.389496611318642E-003
  1.458601909659713E-003
 -2.970717086172839E-003
  5.211558380040188E-003
 -1.216379259728064E-002
  4.392554217586908E-003
  6.257000957743639E-004
  6.427700458545433E-004
  1.064717976945256E-004
  1.573021020002752E-003
  5.412777402341953E-005
 -1.143842256743843E-004
 -2.881307045757532E-005
  5.441294720711614E-004
 -1.476803872277709E-004
 -9.293200012142092E-005
  5.911520409768877E-005
  1.217450705789962E-004
 -7.465936607360194E-005
  1.551993579148098E-003
 -3.300489498379956E-004
  9.599863090298702E-005
  1.773119288319279E-004
 -2.133926482938510E-005
 -5.961735699314482E-003
  5.937946835124298E-003
 -5.278439769828228E-004
  3.063444279629598E-004
  4.945363588700469E-004
  8.657375215710914E-005
 -1.435792036528865E-003
 -1.989018037945542E-004
  3.999218314337520E-005
 -3.546955354970091E-002
  1.900007114389960E-003
 -2.471541593456138E-004
 -6.431944681451312E-004
  1.973416544002903E-004
 -1.390581696937524E-003
 -1.382984148412033E-003
  2.351764855861965E-003
  3.820061119642613E-003
  1.799242578301234E-002
 -8.026576750127018E-003
 -1.015934883971550E-003
 -4.741137914931574E-003
  2.469424695792190E-002
 -4.627508387476957E-002
  1.887074760199113E-003
 -7.785507266704230E-003
  1.562251406671953E-002
 -1.946956978758268E-004
  3.496861775273913E-004
  4.523084865639575E-005
 -2.670835289707458E-004
 -9.945644000230634E-004
  6.798638726226454E-004
 -3.139122661615024E-004
 -1.731072419059960E-003
  5.809957951322482E-004
  1.612274936593662E-004
  3.338707466238258E-004
  1.987011617897653E-003
  8.133740700348099E-004
  2.631241638902265E-003
 -9.746015636941762E-004
 -1.979047992969425E-004
 -2.964962705039952E-003
  1.654766688932816E-003
  3.189806514061244E-003
 -6.395788386295512E-004
 -6.883237641645824E-003
 -1.644704619758904E-002
  4.849624972788680E-004
  8.787456035709741E-004
 -3.625879983542228E-004
 -7.814699535047035E-004
 -8.386041642473731E-004
  5.726760331173314E-004
  1.187924506424879E-004
 -3.157392364193471E-004
  5.852101796938742E-004
 -1.631158163677507E-004
 -2.229695914658850E-004
  4.432336572526282E-005
  3.280966773862309E-005
 -3.699596820725973E-004
  1.303156170264674E-003
  5.578039866616522E-005
 -6.919588449313634E-004
 -8.859006640478832E-005
 -8.842739429300231E-003
  1.060465176190870E-003
  2.642156766213913E-004
  3.622905544391846E-004
  5.125884231230854E-004
 -3.136681968437976E-004
  1.025833721143964E-003
 -2.668004027695601E-005
 -1.433508236442376E-004
  5.942790943076419E-002
 -4.175554851283179E-003
  8.351117887887597E-004
  1.007866279497707E-003
 -1.062820996338978E-003
  1.734853579422662E-003
  2.598070088498078E-003
 -1.962342446421630E-003
  3.670473080628119E-003
 -8.295596384915494E-003
  0.533782780459036     
 -0.237594722809373     
  4.589592123079246E-002
 -0.285952137382121     
 -0.847097917004220     
  0.000000000000000E+000
  3.696763172287892E-002
  0.279713103808444     
  0.000000000000000E+000
  1.545542178081401E-002
 -9.475375272332571E-004
  0.000000000000000E+000
 -8.904009820877211E-003
  3.333928680798001E-002
  0.000000000000000E+000
  2.024197887055333E-002
  0.000000000000000E+000
 -1.133796904967612E-002
 -2.671465183329136E-003
 -1.634425649406283E-002
  0.000000000000000E+000
 -2.932737275651699E-002
  0.000000000000000E+000
  3.199883793984612E-002
 -3.245499320109775E-003
 -9.752939031338057E-002
 -2.223324683904693E-002
 -0.152281793119257     
  6.347824766112864E-002
  0.109186564378590     
  0.000000000000000E+000
 -2.695663321656921E-002
 -1.378667544438124E-002
  0.000000000000000E+000
  4.024408337825032E-002
  1.150270580870425E-002
  0.000000000000000E+000
  3.070612823627607E-004
  1.067714252706779E-002
  0.000000000000000E+000
  1.463846529450745E-003
  0.000000000000000E+000
 -1.770907811813506E-003
  8.861078792078569E-003
  1.424598831382315E-002
  0.000000000000000E+000
 -4.321455180625695E-003
  0.000000000000000E+000
 -4.539623611452874E-003
  0.154106804588551     
  8.045425346727408E-002
 -1.587495266708663E-002
 -1.783109098925297E-003
 -4.995822963751999E-003
  0.000000000000000E+000
 -3.849803006554367E-002
 -1.667764324124528E-002
  0.000000000000000E+000
 -0.122852827404998     
 -0.109865597242067     
 -3.722460466843852E-004
 -4.589782148300359E-003
 -1.725500334683601E-002
  1.202077184470525E-003
 -1.691437276473131E-003
  3.111404860044640E-002
 -1.476347024517234E-002
   1.14164848262203     
  2.050344599410515E-002
 -0.187456208162573     
  8.069985777484100E-002
 -8.589936694882580E-004
  1.660537001317581E-002
 -1.292964611510407E-002
  0.000000000000000E+000
 -9.948020125267120E-004
  4.273199200150077E-003
  0.000000000000000E+000
 -5.687755814202764E-004
 -2.097882401637306E-003
  0.000000000000000E+000
 -5.255439821170513E-005
  1.097331521044419E-003
  0.000000000000000E+000
  2.220261451809098E-004
  0.000000000000000E+000
 -1.694717469692047E-004
  1.179050372489592E-003
  3.168690300427053E-004
  0.000000000000000E+000
 -1.393335051676219E-003
  0.000000000000000E+000
  2.142846791866268E-004
  4.525612392516250E-003
  3.119391507879879E-002
 -6.745870687219755E-003
  7.120837467652895E-003
  6.453422484666820E-002
  1.924967368268054E-002
  0.000000000000000E+000
  5.600650732011798E-004
 -6.614191697245526E-003
  0.000000000000000E+000
  2.406376254693008E-003
  3.372571170383610E-003
  0.000000000000000E+000
 -1.685600292212387E-003
  1.438136588541962E-003
  0.000000000000000E+000
  1.346575254275268E-003
  0.000000000000000E+000
  3.390250379371190E-004
 -2.003037737862689E-003
  1.019727679472702E-003
  0.000000000000000E+000
  1.514273968797057E-004
  0.000000000000000E+000
  1.851610340982983E-003
  5.116014816802612E-002
 -3.118090780915892E-002
 -6.636123361328223E-004
 -9.134808956437618E-004
 -4.159539095700634E-003
  0.000000000000000E+000
  5.511882685001362E-004
  3.651081251808071E-003
  0.000000000000000E+000
 -8.898727315294065E-002
  2.911638365511519E-002
  7.613124474365588E-004
 -1.852950109183048E-003
  3.006054217908877E-003
 -5.490633030853658E-003
 -1.287925868791405E-003
  2.834910876581217E-003
 -3.368111281427966E-003
 -6.991324681875331E-002
  3.112367730299413E-002
  1.310083410669945E-003
  1.296293328667543E-002
 -5.492426740517389E-003
  2.978630857321373E-004
  5.431434623905672E-004
 -4.630319800609375E-003
  0.000000000000000E+000
 -5.257662079849413E-004
  1.362854958113583E-003
  0.000000000000000E+000
  1.060537767299316E-004
  1.064182079002262E-004
  0.000000000000000E+000
  1.128359040465902E-004
  1.431300049652860E-004
  0.000000000000000E+000
  3.113780726127282E-005
  0.000000000000000E+000
 -1.439737113078630E-004
 -1.623829572464052E-004
 -1.143600969027903E-004
  0.000000000000000E+000
 -4.456666472872875E-005
  0.000000000000000E+000
  2.069496219751340E-004
  6.470435399547121E-004
 -3.298150530216387E-003
  1.636925179512555E-004
 -1.608417940309525E-003
 -7.248379886076796E-003
  4.229906785481879E-004
  0.000000000000000E+000
 -1.101565189616723E-004
  5.023692639509822E-004
  0.000000000000000E+000
 -1.106400686127930E-004
 -9.441167956142604E-005
  0.000000000000000E+000
  1.403410609254378E-004
 -8.674163084964055E-005
  0.000000000000000E+000
 -9.230726289722272E-005
  0.000000000000000E+000
 -4.803379802821510E-005
  1.735624721174374E-004
 -3.254402634671421E-005
  0.000000000000000E+000
 -8.618875638392948E-006
  0.000000000000000E+000
 -1.649435964790445E-004
 -3.053831847398134E-003
  2.924188009978337E-003
  2.424985590846251E-005
 -2.023381124674653E-005
  3.184656604396385E-004
  0.000000000000000E+000
 -3.079693329460067E-004
 -3.369140190159104E-004
  0.000000000000000E+000
  2.728323731800536E-003
 -1.914713077941429E-003
 -9.178799859350225E-005
  1.003331265443574E-004
 -2.353512677611165E-004
  2.444410173793477E-004
  1.516548086610172E-005
  3.539931368847548E-005
  6.763387649150440E-005
  9.568581324236679E-003
 -2.039171217033755E-003
  1.801457782101935E-004
 -5.028211890091078E-004
  1.439842107307279E-002
 -6.597687909107037E-003
  8.077561837523319E-004
  4.041755075192607E-003
 -1.729255246465257E-002
  0.000000000000000E+000
 -2.536307620916197E-003
  5.431300291946339E-003
  0.000000000000000E+000
  1.542584678252161E-004
  3.095755054998179E-005
  0.000000000000000E+000
  4.080527028240255E-004
  6.208865104761729E-004
  0.000000000000000E+000
  1.207636384849387E-004
  0.000000000000000E+000
 -5.288163413089643E-004
 -4.393078631623625E-004
 -2.751718063618202E-004
  0.000000000000000E+000
 -3.260812239705919E-004
  0.000000000000000E+000
  7.653890871329544E-004
 -4.936694509797720E-004
  3.732572240721702E-003
 -5.830329333393308E-004
 -3.216382917288081E-003
 -1.128924549600616E-002
  3.638028880296492E-003
  0.000000000000000E+000
 -8.125498235008366E-004
 -7.755650832918403E-005
  0.000000000000000E+000
  1.041905443403590E-004
  2.112872742906940E-004
  0.000000000000000E+000
  1.928461303420910E-004
  1.425789925868921E-005
  0.000000000000000E+000
 -6.706456696090404E-005
  0.000000000000000E+000
 -1.257815633811869E-004
  3.461532035279223E-004
 -5.815883154227589E-006
  0.000000000000000E+000
 -1.612061470035000E-004
  0.000000000000000E+000
 -1.849470565244222E-004
  1.551577294933013E-003
  2.762948461826821E-003
 -4.638310898634900E-005
 -3.031367725866294E-004
 -1.782321028436011E-005
  0.000000000000000E+000
 -9.103347715183991E-004
 -5.814534994792272E-004
  0.000000000000000E+000
 -4.267250080775062E-003
 -2.132586647728859E-003
 -1.803083978480703E-004
  5.962469437861011E-005
 -3.403774353549141E-004
 -4.254448298632513E-006
 -1.524404297706640E-004
  5.695615826423711E-004
 -3.169317146116226E-004
  2.106002724634115E-002
 -1.884131966234893E-003
  2.537539968610676E-004
  5.658281208837712E-004
 -1.148936924287794E-003
  3.906230857008234E-002
 -1.757948776766646E-002
  1.312300979271296E-003
 -1.398355007759865E-002
 -2.070843502063354E-002
  0.000000000000000E+000
  2.000249819959748E-003
  7.128044436278654E-003
  0.000000000000000E+000
  4.860990781758405E-004
  2.418189193627746E-004
  0.000000000000000E+000
 -4.301437628346413E-004
  7.528724600716135E-004
  0.000000000000000E+000
  6.108828545459479E-004
  0.000000000000000E+000
 -1.807390917113066E-004
 -1.350021310456325E-004
 -4.656751905161090E-004
  0.000000000000000E+000
 -6.692196872065832E-004
  0.000000000000000E+000
  8.042218182522157E-004
 -4.296677391032310E-004
 -2.302976987731204E-003
  2.490742813347202E-004
 -4.327960202081668E-003
 -3.678681398814046E-004
 -5.284720744717451E-004
  0.000000000000000E+000
 -1.057329869041301E-003
 -6.503598746447544E-005
  0.000000000000000E+000
  1.095785776285536E-003
 -1.322858797658918E-004
  0.000000000000000E+000
  1.570456940977537E-004
  2.209388408258289E-004
  0.000000000000000E+000
 -8.289726921348241E-005
  0.000000000000000E+000
 -7.414842488427129E-005
  4.991390278484151E-004
  3.079945901333884E-004
  0.000000000000000E+000
 -2.154510969495660E-004
  0.000000000000000E+000
 -2.836879308988491E-004
  5.368215892403525E-004
  4.441022257951665E-003
 -4.610258550169408E-004
  1.064850618086869E-004
  9.361314032902405E-005
  0.000000000000000E+000
 -1.034800804956353E-003
 -8.694024570711652E-004
  0.000000000000000E+000
  1.000343847997019E-002
 -7.118976976840741E-003
 -3.475095441855832E-005
  8.122753031134742E-005
 -8.953393185007630E-004
  8.236503160548022E-004
  1.876462465970689E-004
  4.606666997968082E-004
  7.770506699989431E-005
  4.102427706501139E-002
 -5.859512656365379E-003
  4.998568525976818E-004
  7.774360319013151E-004
  1.939822955851147E-003
  0.000000000000000E+000
  0.000000000000000E+000
  0.000000000000000E+000
  0.000000000000000E+000
  0.000000000000000E+000
  0.000000000000000E+000
  1.735297463226747E-002
  0.000000000000000E+000
  0.000000000000000E+000
 -5.402815102163346E-003
  0.000000000000000E+000
  0.000000000000000E+000
  1.721984391133488E-004
  0.000000000000000E+000
  0.000000000000000E+000
 -4.918669949328607E-004
  0.000000000000000E+000
  6.947825655631644E-004
  0.000000000000000E+000
  0.000000000000000E+000
  0.000000000000000E+000
 -6.383193197856024E-004
  0.000000000000000E+000
 -8.828129148100801E-004
  0.000000000000000E+000
  0.000000000000000E+000
  0.000000000000000E+000
  0.000000000000000E+000
  0.000000000000000E+000
  0.000000000000000E+000
  0.000000000000000E+000
 -4.031418747383938E-004
  0.000000000000000E+000
  0.000000000000000E+000
 -2.225633900281317E-004
  0.000000000000000E+000
  0.000000000000000E+000
 -8.411938086949015E-004
  0.000000000000000E+000
  0.000000000000000E+000
 -1.766802099133021E-004
  0.000000000000000E+000
  4.156652063879758E-006
  0.000000000000000E+000
  0.000000000000000E+000
  0.000000000000000E+000
 -3.670047186134635E-004
  0.000000000000000E+000
  1.491818086750636E-004
  0.000000000000000E+000
  0.000000000000000E+000
  0.000000000000000E+000
  0.000000000000000E+000
  0.000000000000000E+000
  0.000000000000000E+000
 -6.982274165967571E-005
  0.000000000000000E+000
  0.000000000000000E+000
 -4.137448270580230E-005
 -1.476885079322954E-002
  7.648197294312721E-004
 -2.562300639287647E-004
 -2.627267116524447E-004
  3.483081271659379E-004
 -2.618311912178700E-004
 -6.542110167104593E-004
  2.296990395573274E-004
 -9.223622959762838E-004
  0.000000000000000E+000
  0.000000000000000E+000
  0.000000000000000E+000
  0.000000000000000E+000
  0.000000000000000E+000
  3.464052608814598E-004
  2.674683248246799E-003
  5.074085408329640E-003
 -3.780535965720914E-003
  1.656186296064929E-003
 -2.341164372291108E-002
 -3.751060226021321E-002
  0.000000000000000E+000
  4.145399487169511E-003
  1.367685755740711E-002
  0.000000000000000E+000
  4.812026729761250E-004
 -9.558056069359214E-005
  0.000000000000000E+000
 -9.974922837225489E-004
  1.187487602617875E-003
  0.000000000000000E+000
  1.173507758130627E-003
  0.000000000000000E+000
 -1.760154744080777E-004
  2.703067241516209E-004
 -4.865928234924510E-004
  0.000000000000000E+000
 -1.765509664608580E-003
  0.000000000000000E+000
  1.495202940456959E-003
 -1.418574999587299E-004
  1.511814929323480E-002
  1.700167274987787E-004
 -2.258692942115814E-003
  2.918118161110543E-002
 -7.504047132121959E-003
  0.000000000000000E+000
 -1.230525162667463E-003
 -2.070212594499603E-003
  0.000000000000000E+000
  2.987325602880941E-003
  2.674557844890098E-004
  0.000000000000000E+000
 -2.924599635609238E-004
  9.853728991558413E-004
  0.000000000000000E+000
  1.937812481564098E-004
  0.000000000000000E+000
  9.867871540451398E-005
  1.437859569904373E-004
  1.344631100466334E-003
  0.000000000000000E+000
 -3.369237589975728E-004
  0.000000000000000E+000
  1.931378020071356E-004
  1.193446868804008E-002
 -1.983159750784462E-003
 -1.099875035477889E-003
  2.841786819181885E-004
 -1.037853902582370E-003
  0.000000000000000E+000
 -1.287559207850868E-003
 -2.423673759627010E-004
  0.000000000000000E+000
 -8.944850631722576E-003
 -3.155427451523413E-003
  2.637035977359459E-004
 -4.919618224768053E-004
 -5.567617019002004E-004
 -2.816562738841974E-004
 -1.952309006518310E-004
  1.765084575073815E-003
 -8.413433000047810E-004
  4.586866740576880E-002
  1.168411811784804E-004
  1.377692309836872E-004
  6.104887359877336E-004
  1.435117255404596E-003
  0.000000000000000E+000
  2.749629955811332E-003
  3.899545538835738E-003
  2.698400735274111E-002
 -1.346763575787008E-002
  3.563023226833428E-003
 -2.015751778110431E-002
 -6.930136899274580E-002
  0.000000000000000E+000
  1.677008701617749E-003
  2.294018961255275E-002
  0.000000000000000E+000
  1.115220381458355E-003
 -3.452020715577094E-004
  0.000000000000000E+000
 -5.720366432287456E-004
  2.941067341690477E-003
  0.000000000000000E+000
  1.595500957070623E-003
  0.000000000000000E+000
 -1.023464313841877E-003
 -2.540061894644155E-004
 -1.289992952436268E-003
  0.000000000000000E+000
 -2.336547161606255E-003
  0.000000000000000E+000
  2.590553351070670E-003
  1.556654299752999E-004
  5.550736406902944E-003
 -3.517499935780523E-003
 -1.129353350783821E-002
  1.167397715208979E-002
  1.555966549202456E-002
  0.000000000000000E+000
 -3.061533811517748E-003
 -2.931232723629482E-003
  0.000000000000000E+000
  3.468353684346042E-003
  1.519593632947797E-003
  0.000000000000000E+000
 -1.514477939180159E-004
  1.045028597910752E-003
  0.000000000000000E+000
  3.425516212389933E-004
  0.000000000000000E+000
 -1.911038273209773E-004
  6.603075671277309E-004
  9.180252199141226E-004
  0.000000000000000E+000
 -5.551070567766926E-004
  0.000000000000000E+000
 -1.052005103510383E-004
  2.561342637527934E-002
 -6.176883799544541E-005
 -1.339520743493209E-003
 -5.515162428504866E-004
 -1.522291949212519E-003
  0.000000000000000E+000
 -3.104080952966689E-003
 -1.054318702892011E-003
  0.000000000000000E+000
 -1.804889807509640E-002
 -6.309737608686161E-003
  3.879782971283216E-005
 -5.058087131423062E-004
 -1.145575991434547E-003
 -3.742149780791622E-004
 -1.784073146117000E-004
  2.697795414171301E-003
 -1.525485958319119E-003
  8.574386467455308E-002
 -2.585744278239122E-003
  5.726326951402786E-004
  1.571913896007404E-003
  2.778881529464381E-003
  0.000000000000000E+000
  3.782880791558070E-003
  6.808387531258285E-003
  0.000000000000000E+000
  0.000000000000000E+000
  0.000000000000000E+000
  0.000000000000000E+000
  0.000000000000000E+000
  0.000000000000000E+000
 -2.049580955937075E-002
  0.000000000000000E+000
  0.000000000000000E+000
  7.194037456931395E-003
  0.000000000000000E+000
  0.000000000000000E+000
  1.340657122665223E-004
  0.000000000000000E+000
  0.000000000000000E+000
  1.582957545057826E-004
  0.000000000000000E+000
 -7.392017150736147E-004
  0.000000000000000E+000
  0.000000000000000E+000
  0.000000000000000E+000
  9.444563902804698E-004
  0.000000000000000E+000
  1.228039696113134E-003
  0.000000000000000E+000
  0.000000000000000E+000
  0.000000000000000E+000
  0.000000000000000E+000
  0.000000000000000E+000
  0.000000000000000E+000
  0.000000000000000E+000
 -1.124566922186989E-002
  0.000000000000000E+000
  0.000000000000000E+000
 -3.767311054191599E-004
  0.000000000000000E+000
  0.000000000000000E+000
 -1.239969625551786E-004
  0.000000000000000E+000
  0.000000000000000E+000
  2.849809552468168E-004
  0.000000000000000E+000
 -1.466550027999064E-004
  0.000000000000000E+000
  0.000000000000000E+000
  0.000000000000000E+000
  6.505333932970796E-004
  0.000000000000000E+000
 -3.729700342529263E-004
  0.000000000000000E+000
  0.000000000000000E+000
  0.000000000000000E+000
  0.000000000000000E+000
  0.000000000000000E+000
  0.000000000000000E+000
 -2.519274429951497E-004
  0.000000000000000E+000
  0.000000000000000E+000
 -1.208399641350118E-004
  1.641468856945973E-002
 -5.404432294457919E-004
  3.748799650321815E-004
  2.951284650366923E-004
 -4.133890789430075E-004
  3.115210430466597E-004
  1.062114645681581E-003
 -3.027701124874820E-004
  1.207577139109629E-003
  0.000000000000000E+000
  0.000000000000000E+000
  0.000000000000000E+000
  0.000000000000000E+000
  0.000000000000000E+000
 -4.082104222863304E-004
  0.000000000000000E+000
  0.000000000000000E+000
  5.617532461057301E-004
 -1.036777363866342E-002
  0.514066688767222     
 -0.237606479162971     
 -1.388228426794766E-002
 -0.231086401315664     
  0.440105166971324     
  0.739264326010692     
  6.590303428332503E-002
 -0.135191609728070     
 -0.220207851019145     
 -9.623181116540681E-004
  6.495490813284244E-003
  1.147178700215942E-002
 -1.124165383564888E-002
 -1.448210780994831E-002
 -2.613443744244577E-002
 -1.970534578415562E-003
  3.059667123045766E-002
  1.321218841406445E-002
  4.922465113829015E-003
  3.984782732073330E-003
 -2.485825559226044E-002
  1.410529742460216E-002
 -3.533769412760460E-002
 -1.902776253843117E-002
 -3.681437466579926E-003
 -4.301931684903715E-002
  1.948658299155412E-002
  4.694606588365079E-002
  9.868509203763479E-002
 -6.828227623057745E-002
 -0.160839095947366     
 -3.062851531219241E-003
  2.148121318241217E-003
 -1.732063914109569E-002
 -5.775394575010813E-003
 -1.315017765258589E-002
 -4.953296294516608E-002
  9.675752029584110E-004
 -3.534713475524117E-003
 -6.591690531757696E-003
 -1.327424062503794E-003
 -1.560176491113241E-003
  3.598488595453835E-004
  2.620282590768835E-003
 -8.694607128983187E-003
 -1.297466615091744E-002
 -1.341625310538269E-003
  3.943742067634965E-003
 -1.278657280230566E-003
 -5.703970395013142E-002
 -1.456727460829457E-002
  1.221987910248204E-003
  6.154871227596895E-003
  1.672800303985148E-003
 -7.072971305252699E-003
  1.756102454188782E-002
 -2.188754500268709E-003
 -3.842586280544466E-003
 -0.132343453336861     
 -5.035189013452657E-002
 -7.775102015290266E-003
 -5.169842566278527E-003
  8.021039489638062E-003
  1.454018966407945E-002
 -1.233798405218973E-002
 -1.666986212686318E-002
 -1.626382298805477E-002
 -0.122852827404998     
 -8.898727315294065E-002
  2.728323731800536E-003
 -4.267250080775062E-003
  1.000343847997019E-002
  1.476885079322954E-002
 -8.944850631722576E-003
 -1.804889807509640E-002
 -1.641468856945973E-002
   1.15123234227232     
  2.026849019527553E-002
 -0.185499650650156     
  8.483988153020514E-002
 -2.177815526538267E-003
  5.587486592844497E-002
  1.417904609465173E-002
 -3.810424549769692E-002
 -8.238350670572875E-003
 -6.901820746133279E-003
  8.230291647219754E-003
 -9.655753142063963E-004
 -1.684313846883486E-003
 -1.886772720029000E-003
  1.717864847487248E-003
 -3.281626658036545E-004
  2.969630988935466E-003
 -1.212845071094560E-003
 -1.889608761660562E-003
 -5.050197763926878E-004
  5.110804871931583E-004
  7.487540664022816E-004
  5.498365620912420E-004
  1.282555007528617E-004
  1.109911623152987E-003
 -6.393359879460200E-004
  2.073668224839594E-003
 -9.131701682654409E-003
 -3.903931458276329E-003
  6.123558350137758E-003
  4.677106054521082E-003
  1.545106498237842E-002
  5.329033205219702E-002
  4.166115935614251E-003
 -9.426871476544182E-005
  3.348205617457413E-003
 -1.805824289204084E-003
  2.311184216405678E-003
  6.843345234232882E-003
 -9.074262052227704E-004
 -7.830985847452939E-005
  4.683566179654230E-005
  6.230066685559044E-004
  6.245784962142146E-004
  2.844195366668660E-004
 -2.154194663043311E-003
  2.481448390058577E-004
 -1.645335142857357E-004
  1.053507124663446E-003
  5.521249950905763E-004
  1.100687538379865E-003
  8.886447566287044E-003
 -1.338032725485859E-002
  8.977895072028508E-004
 -7.633436950757130E-004
 -4.805491883712164E-004
  1.648312623928005E-003
  1.284361857818858E-003
  3.371302097374367E-003
  8.495693247145145E-004
 -5.035189013452657E-002
  2.909406423241317E-002
  3.527466874508692E-004
 -5.597690082078809E-004
  2.803424270088779E-003
 -4.917813751288841E-003
 -1.507804261001636E-003
  1.172631063427421E-003
 -1.181403155785875E-003
 -0.109865597242067     
  2.911638365511519E-002
 -1.914713077941429E-003
 -2.132586647728859E-003
 -7.118976976840741E-003
 -7.648197294312721E-004
 -3.155427451523413E-003
 -6.309737608686161E-003
  5.404432294457919E-004
 -0.124412357638068     
  3.569770518993441E-002
  2.226351473117843E-003
 -4.605183628897909E-003
  1.710481262353265E-003
  3.976346364290592E-006
 -9.426739266681760E-003
  2.273375384193311E-003
  1.287793625695434E-002
  2.972374270990380E-003
 -4.492231645301705E-004
 -4.743919634452021E-003
  1.100650959255694E-004
 -9.445728346276733E-005
 -1.771451551094304E-004
 -5.545291150158738E-004
  6.604278819436843E-005
  1.690700222523412E-005
  2.433493324891269E-004
  4.420400953273060E-004
  3.111797825267468E-004
  3.628959165377619E-004
 -3.141650656023108E-005
 -6.458789148754340E-004
 -1.455592797630979E-004
 -8.226308756212762E-004
 -2.173366367746640E-004
 -5.493955235368856E-005
 -1.727925353218348E-003
 -3.757951858800951E-004
  5.514903759892625E-004
  1.371464827768510E-002
  9.643555981838775E-004
  1.029319970990075E-002
 -8.343486212119357E-005
 -7.458483973320675E-004
  4.128069080407760E-004
  6.770189984507374E-004
  1.484265672506911E-004
  3.855972716359865E-004
 -2.167376080879248E-004
  2.150006372242956E-004
 -2.000671852117003E-004
  1.536541107098431E-004
  1.311724774662992E-004
  6.308349737808172E-005
 -1.446105295081989E-004
  1.224655946564645E-004
 -4.685054623092830E-004
 -7.002842613589578E-006
  2.885203573901106E-004
  1.516133721217885E-004
  5.448206361952446E-003
 -3.148986346839024E-003
 -2.619271009934332E-004
  1.374309084851170E-004
 -4.209516188048380E-004
  2.503588472836177E-004
  2.052394784620468E-004
  2.882343869221340E-004
  1.226511020133612E-004
 -7.775102015290266E-003
  3.527466874508692E-004
 -6.561656319364962E-005
 -3.214060422314361E-004
  2.769790483509694E-004
 -1.518274068769976E-004
 -5.698590994492872E-004
  1.506480045005901E-004
 -7.474460165369926E-004
 -3.722460466843852E-004
  7.613124474365588E-004
 -9.178799859350225E-005
 -1.803083978480703E-004
 -3.475095441855832E-005
  2.562300639287647E-004
  2.637035977359459E-004
  3.879782971283216E-005
 -3.748799650321815E-004
  1.228565788331089E-002
 -1.265681644426674E-004
  4.452538785781998E-004
 -5.267774808046487E-004
  1.129936345274932E-002
 -5.233713050266008E-003
 -3.615376499978165E-004
  6.383021171516260E-003
  7.121579532109613E-003
  1.315276342570268E-002
 -2.201421725350173E-003
 -2.476556650121820E-003
 -3.949346918892908E-003
 -1.774491943361420E-004
  1.634609011743100E-004
  1.910328233931499E-004
  4.111817744941084E-004
 -3.191728929903606E-004
 -4.486062302961041E-004
 -3.290381240848736E-004
  5.412133338115127E-004
 -8.214365040923487E-005
 -2.980965572361425E-004
  1.293450179861900E-004
 -4.496497558735609E-004
  4.881939926276821E-004
 -6.358956494199356E-004
 -1.900974353915396E-004
 -5.707924728841353E-004
  4.117156699602783E-003
  3.248118604034777E-004
  6.617810830314279E-004
 -1.133176287595332E-002
 -3.599458222730040E-004
 -2.407606856435819E-003
 -1.968941975644128E-004
  3.857053813826440E-004
 -2.833912828327129E-004
 -8.327423663045550E-004
 -2.710034339105965E-004
 -8.379922387912774E-004
  2.081564473850158E-004
 -2.711574895900291E-004
 -1.202325415663209E-004
 -1.328503420044006E-004
 -2.226829626152799E-005
 -7.530610538061519E-005
  1.917612177352468E-004
 -4.012994218881525E-004
 -2.392481099965247E-004
 -6.940983383169125E-005
  7.778684167998042E-005
 -1.223513839035555E-004
 -3.588971696548876E-003
  1.317365945341342E-003
  3.066745325836116E-004
 -1.354903321273127E-004
  1.988003569333483E-004
 -1.128887873308297E-004
  1.673217104000511E-004
 -2.696575662872002E-004
 -6.179323191421122E-005
 -5.169842566278527E-003
 -5.597690082078809E-004
 -3.214060422314361E-004
  4.897629113832577E-005
  1.785485699045086E-004
  1.695721899566255E-004
 -3.865383031812744E-004
 -3.062784582863405E-004
 -3.479708349745770E-004
 -4.589782148300359E-003
 -1.852950109183048E-003
  1.003331265443574E-004
  5.962469437861011E-005
  8.122753031134742E-005
  2.627267116524447E-004
 -4.919618224768053E-004
 -5.058087131423062E-004
 -2.951284650366923E-004
  1.758743703714780E-002
 -1.849319831278949E-003
  4.110488927398001E-005
  4.526908509083922E-004
  6.273591883660592E-004
 -2.021798528049775E-002
  9.380719684383153E-003
 -5.117512002386592E-004
  6.221422446859657E-003
  6.756669854548719E-003
 -1.744999807772173E-002
 -7.252823650423450E-004
 -2.341914960399235E-003
  5.462589806201991E-003
 -1.966123725569948E-004
 -1.071721033208284E-004
 -1.608845952646827E-004
  1.695827903186979E-004
 -3.264464830879187E-004
  4.792407503422804E-004
 -2.262084485465049E-004
 -6.957053196068169E-004
  5.662565822780703E-005
  9.152513008239264E-005
  1.987167659557487E-004
  6.488198282004711E-004
  1.511689109646751E-004
  8.944915757310989E-004
 -2.426940410470677E-004
  2.715929573194072E-004
 -6.664310147013574E-004
  2.388336888395922E-004
  1.814785812920354E-003
  7.042758702830447E-004
 -1.869255778759638E-003
 -2.104941078539049E-005
  7.522576513678511E-004
  3.224024023304632E-004
  2.005387163356726E-004
 -3.904375922140950E-004
  4.370030002052072E-006
  8.052404099005158E-004
 -7.546227603755188E-005
 -6.972777375975469E-005
  1.804439536274468E-004
  1.216657717546257E-005
 -9.336659432516737E-006
  6.329569886208932E-005
 -2.739768329113168E-004
  4.799278556760186E-005
  3.769534335091842E-004
  1.554446795678393E-004
 -1.571744765492706E-004
  1.185321533434775E-004
 -2.464720736327702E-003
 -9.388121230433793E-004
  1.749828973785296E-004
  4.491252363001761E-005
  1.413082101069352E-004
  5.804765651827343E-005
  3.991678699945338E-004
  4.140009095338449E-004
  3.543176509516647E-005
  8.021039489638062E-003
  2.803424270088779E-003
  2.769790483509694E-004
  1.785485699045086E-004
  8.232495422011595E-005
 -2.321926800733672E-004
  4.986762772373996E-004
 -2.669147677171081E-004
  8.008154717326862E-004
 -1.725500334683601E-002
  3.006054217908877E-003
 -2.353512677611165E-004
 -3.403774353549141E-004
 -8.953393185007630E-004
 -3.483081271659379E-004
 -5.567617019002004E-004
 -1.145575991434547E-003
  4.133890789430075E-004
 -2.160694284875681E-002
  4.315211658977360E-003
 -2.436028356328370E-004
 -3.487381515539170E-004
  7.829814933513618E-004
  1.009319002405606E-003
 -3.334416995800735E-002
  1.550495429869219E-002
  4.287711468186369E-004
  1.017998270457442E-002
 -1.727481490228327E-002
 -1.311800713421717E-002
 -2.307385713787928E-003
  5.333167272005253E-003
  4.114215426941153E-003
 -6.582255415836551E-006
 -3.361767027741219E-004
 -1.177381594298747E-004
  4.039457997758581E-004
  4.913130242856790E-004
  3.562522462966868E-004
  8.045563093981718E-005
 -5.222216956550361E-004
 -4.844014307156753E-004
 -6.667572809552141E-005
 -9.515825774890439E-005
  4.895597029617815E-004
 -6.855340023488223E-004
  6.741937049768280E-004
  7.522097304443437E-004
  4.139640251279080E-004
  3.015287877328162E-004
 -5.012060121647188E-004
 -1.126885340206573E-003
 -2.094770462237267E-004
  4.057708162442525E-004
 -1.272083006555250E-004
  6.356986168190695E-004
  9.157675554049627E-005
  1.446769361080925E-004
  3.187860575490153E-004
  5.369847290140268E-004
  5.947189180855114E-004
 -1.245086892444548E-004
  1.958807048751624E-004
  1.363734866913495E-004
  7.434925903309467E-005
 -8.365728541327694E-006
  5.015943021136009E-005
 -2.950900614739963E-004
  5.688568548246225E-004
  2.854366874916939E-004
  1.612836218008251E-004
 -1.200254182786764E-004
  1.338064396731711E-004
  8.443815206471850E-004
  3.090193824528796E-004
 -6.369595013179702E-005
 -1.345163538576435E-004
  2.967898944311939E-005
  4.045969501942487E-005
 -5.770292208931670E-004
  3.475102414615992E-004
  2.502315352649449E-005
 -1.454018966407945E-002
  4.917813751288841E-003
  1.518274068769976E-004
 -1.695721899566255E-004
  2.321926800733672E-004
 -1.182653832784133E-003
 -1.037796702857367E-004
  1.040979629676250E-003
 -3.316222945184638E-004
 -1.202077184470525E-003
  5.490633030853658E-003
 -2.444410173793477E-004
  4.254448298632513E-006
 -8.236503160548022E-004
 -2.618311912178700E-004
  2.816562738841974E-004
  3.742149780791622E-004
  3.115210430466597E-004
 -3.679342088811183E-002
  6.047400738554041E-003
 -2.408921225454217E-004
 -5.656705949223743E-004
  7.589480454702788E-004
  1.578684427883121E-003
  1.866718697389911E-003
  9.379875280494419E-003
 -5.206223466768299E-003
  1.471506917618072E-005
 -9.659394123586084E-003
  1.140798778816867E-002
  3.294095529071753E-002
  2.877802206894860E-003
 -4.093594969457488E-003
 -1.318811525837203E-002
  2.393748755689612E-004
 -2.121940731519187E-004
 -8.905452807414797E-004
 -5.111904218609757E-004
  3.762255007869358E-004
  5.911098603929776E-004
  1.166874984095936E-004
  1.025178009680231E-003
  3.945029234513821E-004
  2.853805342204759E-004
 -1.878261277313096E-004
 -1.899090645651788E-003
  5.163091375956122E-004
 -2.344482233533710E-003
 -8.016896718160881E-004
 -9.870618791379170E-004
 -6.180441081244186E-003
 -3.095983214263365E-003
 -1.365544382166569E-003
  7.942486171255585E-003
  1.876827677123171E-002
  4.152369662716125E-002
 -1.365743695923293E-003
 -1.928519471146518E-003
  1.885015835594527E-003
  2.207354745205253E-004
  7.816985158956328E-004
  2.434938869184162E-003
 -2.247050972687674E-004
  2.414187742683788E-005
 -6.106650426944245E-004
  3.424592546485504E-004
  5.192676683720631E-004
 -1.177541573797830E-004
  7.003305941532026E-005
 -9.170707957608868E-004
 -1.479769757471205E-003
 -1.848213644248256E-004
  9.930782558305565E-004
  1.147883050095053E-004
  1.794639515860193E-002
 -7.404255177878649E-003
 -1.478691921539228E-004
 -4.122052108376581E-004
 -1.175928897416781E-003
  1.073860716639461E-003
  2.758215012964607E-004
  1.736002102184649E-004
  5.337165140840370E-004
 -1.233798405218973E-002
 -1.507804261001636E-003
 -5.698590994492872E-004
 -3.865383031812744E-004
  4.986762772373996E-004
  1.037796702857367E-004
 -1.607944554866300E-003
 -2.838461221864404E-004
 -1.756351822471905E-003
 -1.691437276473131E-003
 -1.287925868791405E-003
  1.516548086610172E-005
 -1.524404297706640E-004
  1.876462465970689E-004
  6.542110167104593E-004
 -1.952309006518310E-004
 -1.784073146117000E-004
 -1.062114645681581E-003
  3.630856587944853E-002
 -1.793062202732820E-003
  9.242058644378809E-004
  5.013847918084048E-004
 -8.381196877174356E-004
 -1.114214102769520E-003
  2.964092502250774E-003
 -1.850461605426219E-003
 -1.548959133311881E-002
  7.780834497234970E-003
  1.456171224551421E-003
 -6.224401557150443E-004
 -4.036088501075577E-002
 -1.152522567809343E-002
 -7.255159141447377E-004
  1.366285900376105E-002
  3.911468772746070E-003
  2.659448490871015E-004
 -1.009879037495796E-004
  1.979424382427385E-005
  2.992401757873948E-005
  8.928183773675599E-004
  1.586436081514467E-004
  6.599673749515462E-004
 -4.290813970148234E-004
 -6.898913925302856E-004
 -1.062668307914283E-004
 -3.446648044970012E-004
  4.996987512184603E-004
 -1.702547937156098E-003
  6.600188258569068E-004
  1.808814767947526E-003
  2.386069844233862E-004
  3.389496611318642E-003
  1.458601909659713E-003
 -2.970717086172839E-003
  5.211558380040188E-003
 -1.216379259728064E-002
 -4.392554217586908E-003
  6.257000957743639E-004
  6.427700458545433E-004
 -1.064717976945256E-004
  1.573021020002752E-003
  5.412777402341953E-005
  1.143842256743843E-004
 -2.881307045757532E-005
  5.441294720711614E-004
  1.476803872277709E-004
 -9.293200012142092E-005
 -5.911520409768877E-005
  1.217450705789962E-004
 -7.465936607360194E-005
  1.551993579148098E-003
  3.300489498379956E-004
  9.599863090298702E-005
 -1.773119288319279E-004
 -2.133926482938510E-005
 -5.961735699314482E-003
  5.937946835124298E-003
 -5.278439769828228E-004
  3.063444279629598E-004
  4.945363588700469E-004
 -8.657375215710914E-005
 -1.435792036528865E-003
 -1.989018037945542E-004
 -3.999218314337520E-005
 -1.666986212686318E-002
  1.172631063427421E-003
  1.506480045005901E-004
 -3.062784582863405E-004
 -2.669147677171081E-004
 -1.040979629676250E-003
 -2.838461221864404E-004
  2.021625859898625E-003
 -6.431842991025932E-004
  3.111404860044640E-002
  2.834910876581217E-003
  3.539931368847548E-005
  5.695615826423711E-004
  4.606666997968082E-004
 -2.296990395573274E-004
  1.765084575073815E-003
  2.697795414171301E-003
  3.027701124874820E-004
 -3.546955354970091E-002
  1.900007114389960E-003
 -2.471541593456138E-004
 -6.431944681451312E-004
  1.973416544002903E-004
  1.390581696937524E-003
 -1.382984148412033E-003
  2.351764855861965E-003
 -3.820061119642613E-003
 -1.799242578301234E-002
  8.026576750127018E-003
  1.015934883971550E-003
  4.741137914931574E-003
 -2.469424695792190E-002
 -4.627508387476957E-002
 -1.887074760199113E-003
  7.785507266704230E-003
  1.562251406671953E-002
  1.946956978758268E-004
 -3.496861775273913E-004
  4.523084865639575E-005
  2.670835289707458E-004
  9.945644000230634E-004
  6.798638726226454E-004
  3.139122661615024E-004
 -1.731072419059960E-003
 -5.809957951322482E-004
 -1.612274936593662E-004
 -3.338707466238258E-004
  1.987011617897653E-003
 -8.133740700348099E-004
  2.631241638902265E-003
  9.746015636941762E-004
  1.979047992969425E-004
  2.964962705039952E-003
 -1.654766688932816E-003
 -3.189806514061244E-003
  6.395788386295512E-004
  6.883237641645824E-003
 -1.644704619758904E-002
 -4.849624972788680E-004
 -8.787456035709741E-004
 -3.625879983542228E-004
  7.814699535047035E-004
  8.386041642473731E-004
  5.726760331173314E-004
 -1.187924506424879E-004
  3.157392364193471E-004
  5.852101796938742E-004
  1.631158163677507E-004
 -2.229695914658850E-004
 -4.432336572526282E-005
 -3.280966773862309E-005
  3.699596820725973E-004
  1.303156170264674E-003
 -5.578039866616522E-005
 -6.919588449313634E-004
  8.859006640478832E-005
  8.842739429300231E-003
 -1.060465176190870E-003
 -2.642156766213913E-004
 -3.622905544391846E-004
 -5.125884231230854E-004
 -3.136681968437976E-004
 -1.025833721143964E-003
  2.668004027695601E-005
 -1.433508236442376E-004
  1.626382298805477E-002
  1.181403155785875E-003
  7.474460165369926E-004
  3.479708349745770E-004
 -8.008154717326862E-004
 -3.316222945184638E-004
  1.756351822471905E-003
  6.431842991025932E-004
  1.602112970733162E-003
  1.476347024517234E-002
  3.368111281427966E-003
 -6.763387649150440E-005
  3.169317146116226E-004
 -7.770506699989431E-005
 -9.223622959762838E-004
  8.413433000047810E-004
  1.525485958319119E-003
  1.207577139109629E-003
 -5.942790943076419E-002
  4.175554851283179E-003
 -8.351117887887597E-004
 -1.007866279497707E-003
  1.062820996338978E-003
  1.734853579422662E-003
 -2.598070088498078E-003
  1.962342446421630E-003
  3.670473080628119E-003
