INTGRL        1    0    1    0    0    0    0    0    0
         *** CFOUR Program System (Release V0.1) *** 
Methanol CCSDT/aug-cc-pVDZ
    5    1 Z          0.10E-08              0    0
   9999.00      3.00
          6.00000000    1    3    1    1    1
C #1  -1.383984987876833   0.021635155907871   0.000000000000000
   10    4
   6665.00000000000       6.920000000000000E-004 -1.460000000000000E-004
  0.000000000000000E+000  0.000000000000000E+000
   1000.00000000000       5.329000000000000E-003 -1.154000000000000E-003
  0.000000000000000E+000  0.000000000000000E+000
   228.000000000000       2.707700000000000E-002 -5.725000000000000E-003
  0.000000000000000E+000  0.000000000000000E+000
   64.7100000000000       0.101718000000000      -2.331200000000000E-002
  0.000000000000000E+000  0.000000000000000E+000
   21.0600000000000       0.274740000000000      -6.395500000000000E-002
  0.000000000000000E+000  0.000000000000000E+000
   7.49500000000000       0.448564000000000      -0.149981000000000     
  0.000000000000000E+000  0.000000000000000E+000
   2.79700000000000       0.285074000000000      -0.127262000000000     
  0.000000000000000E+000  0.000000000000000E+000
  0.521500000000000       1.520400000000000E-002  0.544529000000000     
  0.000000000000000E+000  0.000000000000000E+000
  0.159600000000000      -3.191000000000000E-003  0.580496000000000     
   1.00000000000000       0.000000000000000E+000
  4.690000000000000E-002  0.000000000000000E+000  0.000000000000000E+000
  0.000000000000000E+000   1.00000000000000     
    5    3
   9.43900000000000       3.810900000000000E-002  0.000000000000000E+000
  0.000000000000000E+000
   2.00200000000000       0.209480000000000       0.000000000000000E+000
  0.000000000000000E+000
  0.545600000000000       0.508557000000000       0.000000000000000E+000
  0.000000000000000E+000
  0.151700000000000       0.468842000000000        1.00000000000000     
  0.000000000000000E+000
  4.041000000000000E-002  0.000000000000000E+000  0.000000000000000E+000
   1.00000000000000     
    2    2
  0.550000000000000        1.00000000000000       0.000000000000000E+000
  0.151000000000000       0.000000000000000E+000   1.00000000000000     
          8.00000000    1    3    1    1    1
O #2   1.313508917212465  -0.126403444570259  -0.000000000000001
   10    4
   11720.0000000000       7.100000000000000E-004 -1.600000000000000E-004
  0.000000000000000E+000  0.000000000000000E+000
   1759.00000000000       5.470000000000000E-003 -1.263000000000000E-003
  0.000000000000000E+000  0.000000000000000E+000
   400.800000000000       2.783700000000000E-002 -6.267000000000000E-003
  0.000000000000000E+000  0.000000000000000E+000
   113.700000000000       0.104800000000000      -2.571600000000000E-002
  0.000000000000000E+000  0.000000000000000E+000
   37.0300000000000       0.283062000000000      -7.092400000000000E-002
  0.000000000000000E+000  0.000000000000000E+000
   13.2700000000000       0.448719000000000      -0.165411000000000     
  0.000000000000000E+000  0.000000000000000E+000
   5.02500000000000       0.270952000000000      -0.116955000000000     
  0.000000000000000E+000  0.000000000000000E+000
   1.01300000000000       1.545800000000000E-002  0.557368000000000     
  0.000000000000000E+000  0.000000000000000E+000
  0.302300000000000      -2.585000000000000E-003  0.572759000000000     
   1.00000000000000       0.000000000000000E+000
  7.896000000000000E-002  0.000000000000000E+000  0.000000000000000E+000
  0.000000000000000E+000   1.00000000000000     
    5    3
   17.7000000000000       4.301800000000000E-002  0.000000000000000E+000
  0.000000000000000E+000
   3.85400000000000       0.228913000000000       0.000000000000000E+000
  0.000000000000000E+000
   1.04600000000000       0.508728000000000       0.000000000000000E+000
  0.000000000000000E+000
  0.275300000000000       0.460531000000000        1.00000000000000     
  0.000000000000000E+000
  6.856000000000000E-002  0.000000000000000E+000  0.000000000000000E+000
   1.00000000000000     
    2    2
   1.18500000000000        1.00000000000000       0.000000000000000E+000
  0.332000000000000       0.000000000000000E+000   1.00000000000000     
          1.00000000    1    2    1    1
H #3   1.966486043723380   1.563854633313741   0.000000000000008
    5    3
   13.0100000000000       1.968500000000000E-002  0.000000000000000E+000
  0.000000000000000E+000
   1.96200000000000       0.137977000000000       0.000000000000000E+000
  0.000000000000000E+000
  0.444600000000000       0.478148000000000       0.000000000000000E+000
  0.000000000000000E+000
  0.122000000000000       0.501240000000000        1.00000000000000     
  0.000000000000000E+000
  2.974000000000000E-002  0.000000000000000E+000  0.000000000000000E+000
   1.00000000000000     
    2    2
  0.727000000000000        1.00000000000000       0.000000000000000E+000
  0.141000000000000       0.000000000000000E+000   1.00000000000000     
          1.00000000    1    2    1    1
H #4  -2.058401612789244   1.025767791227559  -1.672585177049645
    5    3
   13.0100000000000       1.968500000000000E-002  0.000000000000000E+000
  0.000000000000000E+000
   1.96200000000000       0.137977000000000       0.000000000000000E+000
  0.000000000000000E+000
  0.444600000000000       0.478148000000000       0.000000000000000E+000
  0.000000000000000E+000
  0.122000000000000       0.501240000000000        1.00000000000000     
  0.000000000000000E+000
  2.974000000000000E-002  0.000000000000000E+000  0.000000000000000E+000
   1.00000000000000     
    2    2
  0.727000000000000        1.00000000000000       0.000000000000000E+000
  0.141000000000000       0.000000000000000E+000   1.00000000000000     
          1.00000000    1    2    1    1
H #5  -2.217150373696453  -1.866881920432861  -0.000000000000010
    5    3
   13.0100000000000       1.968500000000000E-002  0.000000000000000E+000
  0.000000000000000E+000
   1.96200000000000       0.137977000000000       0.000000000000000E+000
  0.000000000000000E+000
  0.444600000000000       0.478148000000000       0.000000000000000E+000
  0.000000000000000E+000
  0.122000000000000       0.501240000000000        1.00000000000000     
  0.000000000000000E+000
  2.974000000000000E-002  0.000000000000000E+000  0.000000000000000E+000
   1.00000000000000     
    2    2
  0.727000000000000        1.00000000000000       0.000000000000000E+000
  0.141000000000000       0.000000000000000E+000   1.00000000000000     
FINISH
