 mmm   100.0   1.42960000   0.95887000   1.09229400   1.09229400   1.09229400   107.98120000   110.66460000   110.66460000   170.66460000   50.00000000   170.00000000   290.00000000   -70.00000000   -115.473981300563
 mmm   101.0   1.42960000   0.95887000   1.09229400   1.09229400   1.09229400   107.98120000   110.66460000   110.66460000   110.66460000   50.00000000   167.95875855   292.04124145   -71.36082763   -115.601978145165
 mmm   102.0   1.42960000   0.95887000   1.09229400   1.09229400   1.09229400   107.98120000   110.66460000   110.66460000   110.66460000   50.00000000   172.04124145   287.95875855   -68.63917237   -115.602080815745
 mmm   103.0   1.42960000   0.95887000   1.09229400   1.09229400   1.09229400   107.98120000   110.66460000   110.66460000   110.66460000   50.00000000   165.91751710   294.08248290   -72.72165527   -115.600929125025
 mmm   104.0   1.42960000   0.95887000   1.09229400   1.09229400   1.09229400   107.98120000   110.66460000   110.66460000   110.66460000   50.00000000   174.08248290   285.91751710   -67.27834473   -115.601081390546
 mmm   105.0   1.42960000   0.95887000   1.09229400   1.09229400   1.09229400   107.98120000   110.66460000   110.66460000   110.66460000   50.00000000   153.67006838   306.32993162   -80.88662108   -115.582390234280
 mmm   106.0   1.42960000   0.95887000   1.09229400   1.09229400   1.09229400   107.98120000   110.66460000   110.66460000   110.66460000   50.00000000   186.32993162   273.67006838   -59.11337892   -115.578635555696
 mmm   107.0   1.42960000   0.95887000   1.09229400   1.09229400   1.09229400   107.98120000   110.66460000   110.66460000   110.66460000   50.00000000   145.50510257   314.49489743   -86.32993162   -115.560626569329
 mmm   108.0   1.42960000   0.95887000   1.09229400   1.09229400   1.09229400   107.98120000   110.66460000   110.66460000   110.66460000   50.00000000   194.49489743   265.50510257   -53.67006838   -115.545756784577
 mmm   109.0   1.42960000   0.95887000   1.09229400   1.09229400   1.09229400   107.98120000   110.66460000   110.66460000   110.66460000   50.00000000   137.34013676   322.65986324   -91.77324216   -115.534111172817
 mmm   10.0   1.82960000   0.95887000   1.09229400   1.09229400   1.09229400   107.98120000   110.66460000   110.66460000   110.66460000   50.00000000   170.00000000   290.00000000   -70.00000000   -115.548872297437
 mmm   110.0   1.42960000   0.95887000   1.09229400   1.09229400   1.09229400   107.98120000   110.66460000   110.66460000   110.66460000   50.00000000   202.65986324   257.34013676   -48.22675784   -115.495008822921
 mmm   111.0   1.42960000   0.95887000   1.09229400   1.09229400   1.09229400   107.98120000   110.66460000   110.66460000   110.66460000   50.00000000   129.17517095   330.82482905   -97.21655270   -115.505644034693
 mmm   112.0   1.42960000   0.95887000   1.09229400   1.09229400   1.09229400   107.98120000   110.66460000   110.66460000   110.66460000   52.35702260   168.82148870   288.82148870   -67.64297740   -115.602171756175
 mmm   113.0   1.42960000   0.95887000   1.09229400   1.09229400   1.09229400   107.98120000   110.66460000   110.66460000   110.66460000   47.64297740   171.17851130   291.17851130   -72.35702260   -115.601889413611
 mmm   114.0   1.42960000   0.95887000   1.09229400   1.09229400   1.09229400   107.98120000   110.66460000   110.66460000   110.66460000   54.71404521   167.64297740   287.64297740   -65.28595479   -115.601293635585
 mmm   115.0   1.42960000   0.95887000   1.09229400   1.09229400   1.09229400   107.98120000   110.66460000   110.66460000   110.66460000   45.28595479   172.35702260   292.35702260   -74.71404521   -115.600725635896
 mmm   116.0   1.42960000   0.95887000   1.09229400   1.09229400   1.09229400   107.98120000   110.66460000   110.66460000   110.66460000   68.85618083   160.57190958   280.57190958   -51.14381917   -115.581855362663
 mmm   117.0   1.42960000   0.95887000   1.09229400   1.09229400   1.09229400   107.98120000   110.66460000   110.66460000   110.66460000   31.14381917   179.42809042   299.42809042   -88.85618083   -115.579309805382
 mmm   118.0   1.42960000   0.95887000   1.09229400   1.09229400   1.09229400   107.98120000   110.66460000   110.66460000   110.66460000   78.28427125   155.85786438   275.85786438   -41.71572875   -115.555649314698
 mmm   119.0   1.42960000   0.95887000   1.09229400   1.09229400   1.09229400   107.98120000   110.66460000   110.66460000   110.66460000   21.71572875   184.14213562   304.14213562   -98.28427125   -115.551255884322
 mmm   11.0   1.92960000   0.95887000   1.09229400   1.09229400   1.09229400   107.98120000   110.66460000   110.66460000   110.66460000   50.00000000   170.00000000   290.00000000   -70.00000000   -115.531462801109
 mmm   120.0   1.42960000   0.95887000   1.09229400   1.09229400   1.09229400   107.98120000   110.66460000   110.66460000   110.66460000   87.71236166   151.14381917   271.14381917   -32.28763834   -115.519445097628
 mmm   121.0   1.42960000   0.95887000   1.09229400   1.09229400   1.09229400   107.98120000   110.66460000   110.66460000   110.66460000   12.28763834   188.85618083   308.85618083   -107.71236166   -115.512502935061
 mmm   122.0   1.42960000   0.95887000   1.09229400   1.09229400   1.09229400   107.98120000   110.66460000   110.66460000   110.66460000   97.14045208   146.42977396   266.42977396   -22.85954792   -115.472371566382
 mmm   123.0   1.42960000   0.95887000   1.09229400   1.09229400   1.09229400   107.98120000   110.66460000   110.66460000   110.66460000   60.00000000   180.00000000   300.00000000   -60.00000000   -115.602443741546
 mmm   124.0   1.42960000   0.95887000   1.09229400   1.09229400   1.09229400   107.98120000   110.66460000   110.66460000   110.66460000   70.00000000   190.00000000   310.00000000   -50.00000000   -115.602370872784
 mmm   125.0   1.42960000   0.95887000   1.09229400   1.09229400   1.09229400   107.98120000   110.66460000   110.66460000   110.66460000   80.00000000   200.00000000   320.00000000   -40.00000000   -115.602170985454
 mmm   126.0   1.42960000   0.95887000   1.09229400   1.09229400   1.09229400   107.98120000   110.66460000   110.66460000   110.66460000   90.00000000   210.00000000   330.00000000   -30.00000000   -115.601895958290
 mmm   127.0   1.42960000   0.95887000   1.09229400   1.09229400   1.09229400   107.98120000   110.66460000   110.66460000   110.66460000   100.00000000   220.00000000   340.00000000   -20.00000000   -115.601618541852
 mmm   128.0   1.42960000   0.95887000   1.09229400   1.09229400   1.09229400   107.98120000   110.66460000   110.66460000   110.66460000   110.00000000   230.00000000   350.00000000   -10.00000000   -115.601413884257
 mmm   129.0   1.42960000   0.95887000   1.09229400   1.09229400   1.09229400   107.98120000   110.66460000   110.66460000   110.66460000   120.00000000   240.00000000   360.00000000   0.00000000   -115.601338635870
 mmm   12.0   2.12960000   0.95887000   1.09229400   1.09229400   1.09229400   107.98120000   110.66460000   110.66460000   110.66460000   50.00000000   170.00000000   290.00000000   -70.00000000   -115.499992723290
 mmm   130.0   1.42960000   0.95887000   1.09229400   1.09229400   1.09229400   107.98120000   110.66460000   110.66460000   110.66460000   130.00000000   250.00000000   370.00000000   10.00000000   -115.601413884258
 mmm   131.0   1.42960000   0.95887000   1.09229400   1.09229400   1.09229400   107.98120000   110.66460000   110.66460000   110.66460000   140.00000000   260.00000000   380.00000000   20.00000000   -115.601618541852
 mmm   132.0   1.42960000   0.95887000   1.09229400   1.09229400   1.09229400   107.98120000   110.66460000   110.66460000   110.66460000   160.00000000   280.00000000   400.00000000   40.00000000   -115.602170985451
 mmm   133.0   1.42960000   0.95887000   1.09229400   1.09229400   1.09229400   107.98120000   110.66460000   110.66460000   110.66460000   170.00000000   290.00000000   410.00000000   50.00000000   -115.602370872787
 mmm   134.0   1.42960000   0.95887000   1.09229400   1.09229400   1.09229400   107.98120000   110.66460000   110.66460000   110.66460000   50.00000000   170.00000000   290.00000000   -70.00000000   -115.602370872782
 mmm   135.0   1.42960000   0.95887000   1.09229400   1.09229400   1.09229400   107.98120000   110.66460000   110.66460000   110.66460000   50.00000000   170.00000000   290.00000000   -70.00000000   -115.602370872782
 mmm   13.0   1.42960000   0.90887000   1.09229400   1.09229400   1.09229400   107.98120000   110.66460000   110.66460000   110.66460000   50.00000000   170.00000000   290.00000000   -70.00000000   -115.599843465956
 mmm   14.0   1.42960000   1.00887000   1.09229400   1.09229400   1.09229400   107.98120000   110.66460000   110.66460000   110.66460000   50.00000000   170.00000000   290.00000000   -70.00000000   -115.600082893893
 mmm   15.0   1.42960000   0.85887000   1.09229400   1.09229400   1.09229400   107.98120000   110.66460000   110.66460000   110.66460000   50.00000000   170.00000000   290.00000000   -70.00000000   -115.590508794388
 mmm   16.0   1.42960000   1.05887000   1.09229400   1.09229400   1.09229400   107.98120000   110.66460000   110.66460000   110.66460000   50.00000000   170.00000000   290.00000000   -70.00000000   -115.594438529520
 mmm   17.0   1.42960000   0.75887000   1.09229400   1.09229400   1.09229400   107.98120000   110.66460000   110.66460000   110.66460000   50.00000000   170.00000000   290.00000000   -70.00000000   -115.539434047967
 mmm   18.0   1.42960000   1.15887000   1.09229400   1.09229400   1.09229400   107.98120000   110.66460000   110.66460000   110.66460000   50.00000000   170.00000000   290.00000000   -70.00000000   -115.577096114770
 mmm   19.0   1.42960000   0.65887000   1.09229400   1.09229400   1.09229400   107.98120000   110.66460000   110.66460000   110.66460000   50.00000000   170.00000000   290.00000000   -70.00000000   -115.411858671335
 mmm   1.0   1.42960000   0.95887000   1.09229400   1.09229400   1.09229400   107.98120000   110.66460000   110.66460000   110.66460000   50.00000000   170.00000000   290.00000000   -70.00000000   -115.602370872782
 mmm   20.0   1.42960000   1.25887000   1.09229400   1.09229400   1.09229400   107.98120000   110.66460000   110.66460000   110.66460000   50.00000000   170.00000000   290.00000000   -70.00000000   -115.556000484549
 mmm   21.0   1.42960000   1.35887000   1.09229400   1.09229400   1.09229400   107.98120000   110.66460000   110.66460000   110.66460000   50.00000000   170.00000000   290.00000000   -70.00000000   -115.534265354110
 mmm   22.0   1.42960000   1.45887000   1.09229400   1.09229400   1.09229400   107.98120000   110.66460000   110.66460000   110.66460000   50.00000000   170.00000000   290.00000000   -70.00000000   -115.513600553637
 mmm   23.0   1.42960000   1.65887000   1.09229400   1.09229400   1.09229400   107.98120000   110.66460000   110.66460000   110.66460000   50.00000000   170.00000000   290.00000000   -70.00000000   -115.478668596275
 mmm   24.0   1.42960000   0.95887000   1.04229400   1.09229400   1.09229400   107.98120000   110.66460000   110.66460000   110.66460000   50.00000000   170.00000000   290.00000000   -70.00000000   -115.600701102955
 mmm   25.0   1.42960000   0.95887000   1.14229400   1.09229400   1.09229400   107.98120000   110.66460000   110.66460000   110.66460000   50.00000000   170.00000000   290.00000000   -70.00000000   -115.601057629884
 mmm   26.0   1.42960000   0.95887000   0.99229400   1.09229400   1.09229400   107.98120000   110.66460000   110.66460000   110.66460000   50.00000000   170.00000000   290.00000000   -70.00000000   -115.595048682379
 mmm   27.0   1.42960000   0.95887000   1.19229400   1.09229400   1.09229400   107.98120000   110.66460000   110.66460000   110.66460000   50.00000000   170.00000000   290.00000000   -70.00000000   -115.597532187994
 mmm   28.0   1.42960000   0.95887000   0.89229400   1.09229400   1.09229400   107.98120000   110.66460000   110.66460000   110.66460000   50.00000000   170.00000000   290.00000000   -70.00000000   -115.566188710186
 mmm   29.0   1.42960000   0.95887000   1.29229400   1.09229400   1.09229400   107.98120000   110.66460000   110.66460000   110.66460000   50.00000000   170.00000000   290.00000000   -70.00000000   -115.586095225930
 mmm   2.0   1.37960000   0.95887000   1.09229400   1.09229400   1.09229400   107.98120000   110.66460000   110.66460000   110.66460000   50.00000000   170.00000000   290.00000000   -70.00000000   -115.601432594698
 mmm   30.0   1.42960000   0.95887000   0.79229400   1.09229400   1.09229400   107.98120000   110.66460000   110.66460000   110.66460000   50.00000000   170.00000000   290.00000000   -70.00000000   -115.499687180721
 mmm   31.0   1.42960000   0.95887000   1.39229400   1.09229400   1.09229400   107.98120000   110.66460000   110.66460000   110.66460000   50.00000000   170.00000000   290.00000000   -70.00000000   -115.571396588589
 mmm   32.0   1.42960000   0.95887000   1.49229400   1.09229400   1.09229400   107.98120000   110.66460000   110.66460000   110.66460000   50.00000000   170.00000000   290.00000000   -70.00000000   -115.555445303394
 mmm   33.0   1.42960000   0.95887000   1.59229400   1.09229400   1.09229400   107.98120000   110.66460000   110.66460000   110.66460000   50.00000000   170.00000000   290.00000000   -70.00000000   -115.539444758790
 mmm   34.0   1.42960000   0.95887000   1.79229400   1.09229400   1.09229400   107.98120000   110.66460000   110.66460000   110.66460000   50.00000000   170.00000000   290.00000000   -70.00000000   -115.509826495654
 mmm   35.0   1.42960000   0.95887000   1.09229400   1.04229400   1.09229400   107.98120000   110.66460000   110.66460000   110.66460000   50.00000000   170.00000000   290.00000000   -70.00000000   -115.601082272979
 mmm   36.0   1.42960000   0.95887000   1.09229400   1.14229400   1.09229400   107.98120000   110.66460000   110.66460000   110.66460000   50.00000000   170.00000000   290.00000000   -70.00000000   -115.600632467438
 mmm   37.0   1.42960000   0.95887000   1.09229400   0.99229400   1.09229400   107.98120000   110.66460000   110.66460000   110.66460000   50.00000000   170.00000000   290.00000000   -70.00000000   -115.595764511992
 mmm   38.0   1.42960000   0.95887000   1.09229400   1.19229400   1.09229400   107.98120000   110.66460000   110.66460000   110.66460000   50.00000000   170.00000000   290.00000000   -70.00000000   -115.596640973612
 mmm   39.0   1.42960000   0.95887000   1.09229400   0.89229400   1.09229400   107.98120000   110.66460000   110.66460000   110.66460000   50.00000000   170.00000000   290.00000000   -70.00000000   -115.567426923877
 mmm   3.0   1.47960000   0.95887000   1.09229400   1.09229400   1.09229400   107.98120000   110.66460000   110.66460000   110.66460000   50.00000000   170.00000000   290.00000000   -70.00000000   -115.600287959540
 mmm   40.0   1.42960000   0.95887000   1.09229400   1.29229400   1.09229400   107.98120000   110.66460000   110.66460000   110.66460000   50.00000000   170.00000000   290.00000000   -70.00000000   -115.584164657416
 mmm   41.0   1.42960000   0.95887000   1.09229400   0.79229400   1.09229400   107.98120000   110.66460000   110.66460000   110.66460000   50.00000000   170.00000000   290.00000000   -70.00000000   -115.501244445491
 mmm   42.0   1.42960000   0.95887000   1.09229400   1.39229400   1.09229400   107.98120000   110.66460000   110.66460000   110.66460000   50.00000000   170.00000000   290.00000000   -70.00000000   -115.568315005246
 mmm   43.0   1.42960000   0.95887000   1.09229400   1.49229400   1.09229400   107.98120000   110.66460000   110.66460000   110.66460000   50.00000000   170.00000000   290.00000000   -70.00000000   -115.551145358697
 mmm   44.0   1.42960000   0.95887000   1.09229400   1.59229400   1.09229400   107.98120000   110.66460000   110.66460000   110.66460000   50.00000000   170.00000000   290.00000000   -70.00000000   -115.533908724506
 mmm   45.0   1.42960000   0.95887000   1.09229400   1.79229400   1.09229400   107.98120000   110.66460000   110.66460000   110.66460000   50.00000000   170.00000000   290.00000000   -70.00000000   -115.501968024349
 mmm   46.0   1.42960000   0.95887000   1.09229400   1.09229400   1.04229400   107.98120000   110.66460000   110.66460000   110.66460000   50.00000000   170.00000000   290.00000000   -70.00000000   -115.600676872685
 mmm   47.0   1.42960000   0.95887000   1.09229400   1.09229400   1.14229400   107.98120000   110.66460000   110.66460000   110.66460000   50.00000000   170.00000000   290.00000000   -70.00000000   -115.601086100567
 mmm   48.0   1.42960000   0.95887000   1.09229400   1.09229400   0.99229400   107.98120000   110.66460000   110.66460000   110.66460000   50.00000000   170.00000000   290.00000000   -70.00000000   -115.595004072409
 mmm   49.0   1.42960000   0.95887000   1.09229400   1.09229400   1.19229400   107.98120000   110.66460000   110.66460000   110.66460000   50.00000000   170.00000000   290.00000000   -70.00000000   -115.597593650615
 mmm   4.0   1.32960000   0.95887000   1.09229400   1.09229400   1.09229400   107.98120000   110.66460000   110.66460000   110.66460000   50.00000000   170.00000000   290.00000000   -70.00000000   -115.596484230497
 mmm   50.0   1.42960000   0.95887000   1.09229400   1.09229400   0.89229400   107.98120000   110.66460000   110.66460000   110.66460000   50.00000000   170.00000000   290.00000000   -70.00000000   -115.566112750244
 mmm   51.0   1.42960000   0.95887000   1.09229400   1.09229400   1.29229400   107.98120000   110.66460000   110.66460000   110.66460000   50.00000000   170.00000000   290.00000000   -70.00000000   -115.586236822467
 mmm   52.0   1.42960000   0.95887000   1.09229400   1.09229400   0.79229400   107.98120000   110.66460000   110.66460000   110.66460000   50.00000000   170.00000000   290.00000000   -70.00000000   -115.499587157643
 mmm   53.0   1.42960000   0.95887000   1.09229400   1.09229400   1.39229400   107.98120000   110.66460000   110.66460000   110.66460000   50.00000000   170.00000000   290.00000000   -70.00000000   -115.571637107244
 mmm   54.0   1.42960000   0.95887000   1.09229400   1.09229400   1.49229400   107.98120000   110.66460000   110.66460000   110.66460000   50.00000000   170.00000000   290.00000000   -70.00000000   -115.555801920919
 mmm   55.0   1.42960000   0.95887000   1.09229400   1.09229400   1.59229400   107.98120000   110.66460000   110.66460000   110.66460000   50.00000000   170.00000000   290.00000000   -70.00000000   -115.539931365325
 mmm   56.0   1.42960000   0.95887000   1.09229400   1.09229400   1.79229400   107.98120000   110.66460000   110.66460000   110.66460000   50.00000000   170.00000000   290.00000000   -70.00000000   -115.510595325082
 mmm   57.0   1.42960000   0.95887000   1.09229400   1.09229400   1.09229400   112.98120000   110.66460000   110.66460000   110.66460000   50.00000000   170.00000000   290.00000000   -70.00000000   -115.601545314510
 mmm   58.0   1.42960000   0.95887000   1.09229400   1.09229400   1.09229400   102.98120000   110.66460000   110.66460000   110.66460000   50.00000000   170.00000000   290.00000000   -70.00000000   -115.601835884096
 mmm   59.0   1.42960000   0.95887000   1.09229400   1.09229400   1.09229400   117.98120000   110.66460000   110.66460000   110.66460000   50.00000000   170.00000000   290.00000000   -70.00000000   -115.599501633753
 mmm   5.0   1.52960000   0.95887000   1.09229400   1.09229400   1.09229400   107.98120000   110.66460000   110.66460000   110.66460000   50.00000000   170.00000000   290.00000000   -70.00000000   -115.595956068137
 mmm   60.0   1.42960000   0.95887000   1.09229400   1.09229400   1.09229400   97.98120000   110.66460000   110.66460000   110.66460000   50.00000000   170.00000000   290.00000000   -70.00000000   -115.599806289258
 mmm   61.0   1.42960000   0.95887000   1.09229400   1.09229400   1.09229400   127.98120000   110.66460000   110.66460000   110.66460000   50.00000000   170.00000000   290.00000000   -70.00000000   -115.592382745399
 mmm   62.0   1.42960000   0.95887000   1.09229400   1.09229400   1.09229400   87.98120000   110.66460000   110.66460000   110.66460000   50.00000000   170.00000000   290.00000000   -70.00000000   -115.590761100872
 mmm   63.0   1.42960000   0.95887000   1.09229400   1.09229400   1.09229400   137.98120000   110.66460000   110.66460000   110.66460000   50.00000000   170.00000000   290.00000000   -70.00000000   -115.582396038451
 mmm   64.0   1.42960000   0.95887000   1.09229400   1.09229400   1.09229400   77.98120000   110.66460000   110.66460000   110.66460000   50.00000000   170.00000000   290.00000000   -70.00000000   -115.574280380684
 mmm   65.0   1.42960000   0.95887000   1.09229400   1.09229400   1.09229400   157.98120000   110.66460000   110.66460000   110.66460000   50.00000000   170.00000000   290.00000000   -70.00000000   -115.560614912451
 mmm   66.0   1.42960000   0.95887000   1.09229400   1.09229400   1.09229400   57.98120000   110.66460000   110.66460000   110.66460000   50.00000000   170.00000000   290.00000000   -70.00000000   -115.514176263606
 mmm   67.0   1.42960000   0.95887000   1.09229400   1.09229400   1.09229400   167.98120000   110.66460000   110.66460000   110.66460000   50.00000000   170.00000000   290.00000000   -70.00000000   -115.552689833058
 mmm   68.0   1.42960000   0.95887000   1.09229400   1.09229400   1.09229400   107.98120000   115.66460000   110.66460000   110.66460000   50.00000000   170.00000000   290.00000000   -70.00000000   -115.601608544320
 mmm   69.0   1.42960000   0.95887000   1.09229400   1.09229400   1.09229400   107.98120000   105.66460000   110.66460000   110.66460000   50.00000000   170.00000000   290.00000000   -70.00000000   -115.601145327312
 mmm   6.0   1.22960000   0.95887000   1.09229400   1.09229400   1.09229400   107.98120000   110.66460000   110.66460000   110.66460000   50.00000000   170.00000000   290.00000000   -70.00000000   -115.569115831307
 mmm   70.0   1.42960000   0.95887000   1.09229400   1.09229400   1.09229400   107.98120000   120.66460000   110.66460000   110.66460000   50.00000000   170.00000000   290.00000000   -70.00000000   -115.598921852721
 mmm   71.0   1.42960000   0.95887000   1.09229400   1.09229400   1.09229400   107.98120000   100.66460000   110.66460000   110.66460000   50.00000000   170.00000000   290.00000000   -70.00000000   -115.597853991453
 mmm   72.0   1.42960000   0.95887000   1.09229400   1.09229400   1.09229400   107.98120000   130.66460000   110.66460000   110.66460000   50.00000000   170.00000000   290.00000000   -70.00000000   -115.587967762912
 mmm   73.0   1.42960000   0.95887000   1.09229400   1.09229400   1.09229400   107.98120000   90.66460000   110.66460000   110.66460000   50.00000000   170.00000000   290.00000000   -70.00000000   -115.584691907117
 mmm   74.0   1.42960000   0.95887000   1.09229400   1.09229400   1.09229400   107.98120000   140.66460000   110.66460000   110.66460000   50.00000000   170.00000000   290.00000000   -70.00000000   -115.569809191991
 mmm   75.0   1.42960000   0.95887000   1.09229400   1.09229400   1.09229400   107.98120000   80.66460000   110.66460000   110.66460000   50.00000000   170.00000000   290.00000000   -70.00000000   -115.562050738322
 mmm   76.0   1.42960000   0.95887000   1.09229400   1.09229400   1.09229400   107.98120000   160.66460000   110.66460000   110.66460000   50.00000000   170.00000000   290.00000000   -70.00000000   -115.513066655605
 mmm   77.0   1.42960000   0.95887000   1.09229400   1.09229400   1.09229400   107.98120000   60.66460000   110.66460000   110.66460000   50.00000000   170.00000000   290.00000000   -70.00000000   -115.486939236703
 mmm   78.0   1.42960000   0.95887000   1.09229400   1.09229400   1.09229400   107.98120000   170.66460000   110.66460000   110.66460000   50.00000000   170.00000000   290.00000000   -70.00000000   -115.475848030073
 mmm   79.0   1.42960000   0.95887000   1.09229400   1.09229400   1.09229400   107.98120000   110.66460000   115.66460000   110.66460000   50.00000000   170.00000000   290.00000000   -70.00000000   -115.600218820208
 mmm   7.0   1.62960000   0.95887000   1.09229400   1.09229400   1.09229400   107.98120000   110.66460000   110.66460000   110.66460000   50.00000000   170.00000000   290.00000000   -70.00000000   -115.582831817281
 mmm   80.0   1.42960000   0.95887000   1.09229400   1.09229400   1.09229400   107.98120000   110.66460000   105.66460000   110.66460000   50.00000000   170.00000000   290.00000000   -70.00000000   -115.602660214030
 mmm   81.0   1.42960000   0.95887000   1.09229400   1.09229400   1.09229400   107.98120000   110.66460000   120.66460000   110.66460000   50.00000000   170.00000000   290.00000000   -70.00000000   -115.596263445398
 mmm   82.0   1.42960000   0.95887000   1.09229400   1.09229400   1.09229400   107.98120000   110.66460000   100.66460000   110.66460000   50.00000000   170.00000000   290.00000000   -70.00000000   -115.601011426149
 mmm   83.0   1.42960000   0.95887000   1.09229400   1.09229400   1.09229400   107.98120000   110.66460000   130.66460000   110.66460000   50.00000000   170.00000000   290.00000000   -70.00000000   -115.583121544321
 mmm   84.0   1.42960000   0.95887000   1.09229400   1.09229400   1.09229400   107.98120000   110.66460000   90.66460000   110.66460000   50.00000000   170.00000000   290.00000000   -70.00000000   -115.591503735594
 mmm   85.0   1.42960000   0.95887000   1.09229400   1.09229400   1.09229400   107.98120000   110.66460000   140.66460000   110.66460000   50.00000000   170.00000000   290.00000000   -70.00000000   -115.563241239636
 mmm   86.0   1.42960000   0.95887000   1.09229400   1.09229400   1.09229400   107.98120000   110.66460000   80.66460000   110.66460000   50.00000000   170.00000000   290.00000000   -70.00000000   -115.572876491942
 mmm   87.0   1.42960000   0.95887000   1.09229400   1.09229400   1.09229400   107.98120000   110.66460000   160.66460000   110.66460000   50.00000000   170.00000000   290.00000000   -70.00000000   -115.504740983153
 mmm   88.0   1.42960000   0.95887000   1.09229400   1.09229400   1.09229400   107.98120000   110.66460000   60.66460000   110.66460000   50.00000000   170.00000000   290.00000000   -70.00000000   -115.504379905344
 mmm   89.0   1.42960000   0.95887000   1.09229400   1.09229400   1.09229400   107.98120000   110.66460000   170.66460000   110.66460000   50.00000000   170.00000000   290.00000000   -70.00000000   -115.467848119297
 mmm   8.0   1.12960000   0.95887000   1.09229400   1.09229400   1.09229400   107.98120000   110.66460000   110.66460000   110.66460000   50.00000000   170.00000000   290.00000000   -70.00000000   -115.505035968596
 mmm   90.0   1.42960000   0.95887000   1.09229400   1.09229400   1.09229400   107.98120000   110.66460000   110.66460000   115.66460000   50.00000000   170.00000000   290.00000000   -70.00000000   -115.601535994865
 mmm   91.0   1.42960000   0.95887000   1.09229400   1.09229400   1.09229400   107.98120000   110.66460000   110.66460000   105.66460000   50.00000000   170.00000000   290.00000000   -70.00000000   -115.601219283118
 mmm   92.0   1.42960000   0.95887000   1.09229400   1.09229400   1.09229400   107.98120000   110.66460000   110.66460000   120.66460000   50.00000000   170.00000000   290.00000000   -70.00000000   -115.598772635501
 mmm   93.0   1.42960000   0.95887000   1.09229400   1.09229400   1.09229400   107.98120000   110.66460000   110.66460000   100.66460000   50.00000000   170.00000000   290.00000000   -70.00000000   -115.598010951051
 mmm   94.0   1.42960000   0.95887000   1.09229400   1.09229400   1.09229400   107.98120000   110.66460000   110.66460000   130.66460000   50.00000000   170.00000000   290.00000000   -70.00000000   -115.587636453677
 mmm   95.0   1.42960000   0.95887000   1.09229400   1.09229400   1.09229400   107.98120000   110.66460000   110.66460000   90.66460000   50.00000000   170.00000000   290.00000000   -70.00000000   -115.585092689757
 mmm   96.0   1.42960000   0.95887000   1.09229400   1.09229400   1.09229400   107.98120000   110.66460000   110.66460000   140.66460000   50.00000000   170.00000000   290.00000000   -70.00000000   -115.569236213584
 mmm   97.0   1.42960000   0.95887000   1.09229400   1.09229400   1.09229400   107.98120000   110.66460000   110.66460000   80.66460000   50.00000000   170.00000000   290.00000000   -70.00000000   -115.562957990772
 mmm   98.0   1.42960000   0.95887000   1.09229400   1.09229400   1.09229400   107.98120000   110.66460000   110.66460000   160.66460000   50.00000000   170.00000000   290.00000000   -70.00000000   -115.511745787335
 mmm   99.0   1.42960000   0.95887000   1.09229400   1.09229400   1.09229400   107.98120000   110.66460000   110.66460000   60.66460000   50.00000000   170.00000000   290.00000000   -70.00000000   -115.491483639638
 mmm   9.0   1.72960000   0.95887000   1.09229400   1.09229400   1.09229400   107.98120000   110.66460000   110.66460000   110.66460000   50.00000000   170.00000000   290.00000000   -70.00000000   -115.566431213449
