 mmm   100.0   1.42960000   0.95887000   1.09229400   1.09229400   1.09229400   107.98120000   110.66460000   110.66460000   170.66460000   100.00000000   220.00000000   340.00000000   -20.00000000   -115.477507232351
 mmm   101.0   1.42960000   0.95887000   1.09229400   1.09229400   1.09229400   107.98120000   110.66460000   110.66460000   110.66460000   100.00000000   217.95875855   342.04124145   -21.36082763   -115.601208112198
 mmm   102.0   1.42960000   0.95887000   1.09229400   1.09229400   1.09229400   107.98120000   110.66460000   110.66460000   110.66460000   100.00000000   222.04124145   337.95875855   -18.63917237   -115.601358818607
 mmm   103.0   1.42960000   0.95887000   1.09229400   1.09229400   1.09229400   107.98120000   110.66460000   110.66460000   110.66460000   100.00000000   215.91751710   344.08248290   -22.72165527   -115.600153151857
 mmm   104.0   1.42960000   0.95887000   1.09229400   1.09229400   1.09229400   107.98120000   110.66460000   110.66460000   110.66460000   100.00000000   224.08248290   335.91751710   -17.27834473   -115.600403287384
 mmm   105.0   1.42960000   0.95887000   1.09229400   1.09229400   1.09229400   107.98120000   110.66460000   110.66460000   110.66460000   100.00000000   203.67006838   356.32993162   -30.88662108   -115.581781437825
 mmm   106.0   1.42960000   0.95887000   1.09229400   1.09229400   1.09229400   107.98120000   110.66460000   110.66460000   110.66460000   100.00000000   236.32993162   323.67006838   -9.11337892   -115.578569032474
 mmm   107.0   1.42960000   0.95887000   1.09229400   1.09229400   1.09229400   107.98120000   110.66460000   110.66460000   110.66460000   100.00000000   195.50510257   364.49489743   -36.32993162   -115.560270789059
 mmm   108.0   1.42960000   0.95887000   1.09229400   1.09229400   1.09229400   107.98120000   110.66460000   110.66460000   110.66460000   100.00000000   244.49489743   315.50510257   -3.67006838   -115.546547474832
 mmm   109.0   1.42960000   0.95887000   1.09229400   1.09229400   1.09229400   107.98120000   110.66460000   110.66460000   110.66460000   100.00000000   187.34013676   372.65986324   -41.77324216   -115.534085065895
 mmm   10.0   1.82960000   0.95887000   1.09229400   1.09229400   1.09229400   107.98120000   110.66460000   110.66460000   110.66460000   100.00000000   220.00000000   340.00000000   -20.00000000   -115.548773901295
 mmm   110.0   1.42960000   0.95887000   1.09229400   1.09229400   1.09229400   107.98120000   110.66460000   110.66460000   110.66460000   100.00000000   252.65986324   307.34013676   1.77324216   -115.497181727510
 mmm   111.0   1.42960000   0.95887000   1.09229400   1.09229400   1.09229400   107.98120000   110.66460000   110.66460000   110.66460000   100.00000000   179.17517095   380.82482905   -47.21655270   -115.506015691515
 mmm   112.0   1.42960000   0.95887000   1.09229400   1.09229400   1.09229400   107.98120000   110.66460000   110.66460000   110.66460000   102.35702260   218.82148870   338.82148870   -17.64297740   -115.601311369945
 mmm   113.0   1.42960000   0.95887000   1.09229400   1.09229400   1.09229400   107.98120000   110.66460000   110.66460000   110.66460000   97.64297740   221.17851130   341.17851130   -22.35702260   -115.601237316343
 mmm   114.0   1.42960000   0.95887000   1.09229400   1.09229400   1.09229400   107.98120000   110.66460000   110.66460000   110.66460000   104.71404521   217.64297740   337.64297740   -15.28595479   -115.600315376616
 mmm   115.0   1.42960000   0.95887000   1.09229400   1.09229400   1.09229400   107.98120000   110.66460000   110.66460000   110.66460000   95.28595479   222.35702260   342.35702260   -24.71404521   -115.600167860994
 mmm   116.0   1.42960000   0.95887000   1.09229400   1.09229400   1.09229400   107.98120000   110.66460000   110.66460000   110.66460000   118.85618083   210.57190958   330.57190958   -1.14381917   -115.579835843882
 mmm   117.0   1.42960000   0.95887000   1.09229400   1.09229400   1.09229400   107.98120000   110.66460000   110.66460000   110.66460000   81.14381917   229.42809042   349.42809042   -38.85618083   -115.579296162882
 mmm   118.0   1.42960000   0.95887000   1.09229400   1.09229400   1.09229400   107.98120000   110.66460000   110.66460000   110.66460000   128.28427125   205.85786438   325.85786438   8.28427125   -115.552410747826
 mmm   119.0   1.42960000   0.95887000   1.09229400   1.09229400   1.09229400   107.98120000   110.66460000   110.66460000   110.66460000   71.71572875   234.14213562   354.14213562   -48.28427125   -115.551713833906
 mmm   11.0   1.92960000   0.95887000   1.09229400   1.09229400   1.09229400   107.98120000   110.66460000   110.66460000   110.66460000   100.00000000   220.00000000   340.00000000   -20.00000000   -115.531406838433
 mmm   120.0   1.42960000   0.95887000   1.09229400   1.09229400   1.09229400   107.98120000   110.66460000   110.66460000   110.66460000   137.71236166   201.14381917   321.14381917   17.71236166   -115.514312715453
 mmm   121.0   1.42960000   0.95887000   1.09229400   1.09229400   1.09229400   107.98120000   110.66460000   110.66460000   110.66460000   62.28763834   238.85618083   358.85618083   -57.71236166   -115.513613555206
 mmm   122.0   1.42960000   0.95887000   1.09229400   1.09229400   1.09229400   107.98120000   110.66460000   110.66460000   110.66460000   147.14045208   196.42977396   316.42977396   27.14045208   -115.464536051737
 mmm   123.0   1.42960000   0.95887000   1.09229400   1.09229400   1.09229400   107.98120000   110.66460000   110.66460000   110.66460000   110.00000000   230.00000000   350.00000000   -10.00000000   -115.601413884257
 mmm   124.0   1.42960000   0.95887000   1.09229400   1.09229400   1.09229400   107.98120000   110.66460000   110.66460000   110.66460000   120.00000000   240.00000000   360.00000000   0.00000000   -115.601338635870
 mmm   125.0   1.42960000   0.95887000   1.09229400   1.09229400   1.09229400   107.98120000   110.66460000   110.66460000   110.66460000   130.00000000   250.00000000   370.00000000   10.00000000   -115.601413884258
 mmm   126.0   1.42960000   0.95887000   1.09229400   1.09229400   1.09229400   107.98120000   110.66460000   110.66460000   110.66460000   140.00000000   260.00000000   380.00000000   20.00000000   -115.601618541852
 mmm   127.0   1.42960000   0.95887000   1.09229400   1.09229400   1.09229400   107.98120000   110.66460000   110.66460000   110.66460000   150.00000000   270.00000000   390.00000000   30.00000000   -115.601895958294
 mmm   128.0   1.42960000   0.95887000   1.09229400   1.09229400   1.09229400   107.98120000   110.66460000   110.66460000   110.66460000   160.00000000   280.00000000   400.00000000   40.00000000   -115.602170985451
 mmm   129.0   1.42960000   0.95887000   1.09229400   1.09229400   1.09229400   107.98120000   110.66460000   110.66460000   110.66460000   170.00000000   290.00000000   410.00000000   50.00000000   -115.602370872787
 mmm   12.0   2.12960000   0.95887000   1.09229400   1.09229400   1.09229400   107.98120000   110.66460000   110.66460000   110.66460000   100.00000000   220.00000000   340.00000000   -20.00000000   -115.499978021068
 mmm   130.0   1.42960000   0.95887000   1.09229400   1.09229400   1.09229400   107.98120000   110.66460000   110.66460000   110.66460000   180.00000000   300.00000000   420.00000000   60.00000000   -115.602443741553
 mmm   131.0   1.42960000   0.95887000   1.09229400   1.09229400   1.09229400   107.98120000   110.66460000   110.66460000   110.66460000   190.00000000   310.00000000   430.00000000   70.00000000   -115.602370872779
 mmm   132.0   1.42960000   0.95887000   1.09229400   1.09229400   1.09229400   107.98120000   110.66460000   110.66460000   110.66460000   210.00000000   330.00000000   450.00000000   90.00000000   -115.601895958295
 mmm   133.0   1.42960000   0.95887000   1.09229400   1.09229400   1.09229400   107.98120000   110.66460000   110.66460000   110.66460000   220.00000000   340.00000000   460.00000000   100.00000000   -115.601618541854
 mmm   13.0   1.42960000   0.90887000   1.09229400   1.09229400   1.09229400   107.98120000   110.66460000   110.66460000   110.66460000   100.00000000   220.00000000   340.00000000   -20.00000000   -115.599207228520
 mmm   14.0   1.42960000   1.00887000   1.09229400   1.09229400   1.09229400   107.98120000   110.66460000   110.66460000   110.66460000   100.00000000   220.00000000   340.00000000   -20.00000000   -115.599211612078
 mmm   15.0   1.42960000   0.85887000   1.09229400   1.09229400   1.09229400   107.98120000   110.66460000   110.66460000   110.66460000   100.00000000   220.00000000   340.00000000   -20.00000000   -115.589984351373
 mmm   16.0   1.42960000   1.05887000   1.09229400   1.09229400   1.09229400   107.98120000   110.66460000   110.66460000   110.66460000   100.00000000   220.00000000   340.00000000   -20.00000000   -115.593446995924
 mmm   17.0   1.42960000   0.75887000   1.09229400   1.09229400   1.09229400   107.98120000   110.66460000   110.66460000   110.66460000   100.00000000   220.00000000   340.00000000   -20.00000000   -115.539115142876
 mmm   18.0   1.42960000   1.15887000   1.09229400   1.09229400   1.09229400   107.98120000   110.66460000   110.66460000   110.66460000   100.00000000   220.00000000   340.00000000   -20.00000000   -115.575866951635
 mmm   19.0   1.42960000   0.65887000   1.09229400   1.09229400   1.09229400   107.98120000   110.66460000   110.66460000   110.66460000   100.00000000   220.00000000   340.00000000   -20.00000000   -115.411714346984
 mmm   1.0   1.42960000   0.95887000   1.09229400   1.09229400   1.09229400   107.98120000   110.66460000   110.66460000   110.66460000   100.00000000   220.00000000   340.00000000   -20.00000000   -115.601618541852
 mmm   20.0   1.42960000   1.25887000   1.09229400   1.09229400   1.09229400   107.98120000   110.66460000   110.66460000   110.66460000   100.00000000   220.00000000   340.00000000   -20.00000000   -115.554549802677
 mmm   21.0   1.42960000   1.35887000   1.09229400   1.09229400   1.09229400   107.98120000   110.66460000   110.66460000   110.66460000   100.00000000   220.00000000   340.00000000   -20.00000000   -115.532625028912
 mmm   22.0   1.42960000   1.45887000   1.09229400   1.09229400   1.09229400   107.98120000   110.66460000   110.66460000   110.66460000   100.00000000   220.00000000   340.00000000   -20.00000000   -115.511818446650
 mmm   23.0   1.42960000   1.65887000   1.09229400   1.09229400   1.09229400   107.98120000   110.66460000   110.66460000   110.66460000   100.00000000   220.00000000   340.00000000   -20.00000000   -115.476798986526
 mmm   24.0   1.42960000   0.95887000   1.04229400   1.09229400   1.09229400   107.98120000   110.66460000   110.66460000   110.66460000   100.00000000   220.00000000   340.00000000   -20.00000000   -115.599989634533
 mmm   25.0   1.42960000   0.95887000   1.14229400   1.09229400   1.09229400   107.98120000   110.66460000   110.66460000   110.66460000   100.00000000   220.00000000   340.00000000   -20.00000000   -115.600264597780
 mmm   26.0   1.42960000   0.95887000   0.99229400   1.09229400   1.09229400   107.98120000   110.66460000   110.66460000   110.66460000   100.00000000   220.00000000   340.00000000   -20.00000000   -115.594376957572
 mmm   27.0   1.42960000   0.95887000   1.19229400   1.09229400   1.09229400   107.98120000   110.66460000   110.66460000   110.66460000   100.00000000   220.00000000   340.00000000   -20.00000000   -115.596699813258
 mmm   28.0   1.42960000   0.95887000   0.89229400   1.09229400   1.09229400   107.98120000   110.66460000   110.66460000   110.66460000   100.00000000   220.00000000   340.00000000   -20.00000000   -115.565587478847
 mmm   29.0   1.42960000   0.95887000   1.29229400   1.09229400   1.09229400   107.98120000   110.66460000   110.66460000   110.66460000   100.00000000   220.00000000   340.00000000   -20.00000000   -115.585192635228
 mmm   2.0   1.37960000   0.95887000   1.09229400   1.09229400   1.09229400   107.98120000   110.66460000   110.66460000   110.66460000   100.00000000   220.00000000   340.00000000   -20.00000000   -115.600474693802
 mmm   30.0   1.42960000   0.95887000   0.79229400   1.09229400   1.09229400   107.98120000   110.66460000   110.66460000   110.66460000   100.00000000   220.00000000   340.00000000   -20.00000000   -115.499133071000
 mmm   31.0   1.42960000   0.95887000   1.39229400   1.09229400   1.09229400   107.98120000   110.66460000   110.66460000   110.66460000   100.00000000   220.00000000   340.00000000   -20.00000000   -115.570441478668
 mmm   32.0   1.42960000   0.95887000   1.49229400   1.09229400   1.09229400   107.98120000   110.66460000   110.66460000   110.66460000   100.00000000   220.00000000   340.00000000   -20.00000000   -115.554461351907
 mmm   33.0   1.42960000   0.95887000   1.59229400   1.09229400   1.09229400   107.98120000   110.66460000   110.66460000   110.66460000   100.00000000   220.00000000   340.00000000   -20.00000000   -115.538459291112
 mmm   34.0   1.42960000   0.95887000   1.79229400   1.09229400   1.09229400   107.98120000   110.66460000   110.66460000   110.66460000   100.00000000   220.00000000   340.00000000   -20.00000000   -115.508922334287
 mmm   35.0   1.42960000   0.95887000   1.09229400   1.04229400   1.09229400   107.98120000   110.66460000   110.66460000   110.66460000   100.00000000   220.00000000   340.00000000   -20.00000000   -115.600208978353
 mmm   36.0   1.42960000   0.95887000   1.09229400   1.14229400   1.09229400   107.98120000   110.66460000   110.66460000   110.66460000   100.00000000   220.00000000   340.00000000   -20.00000000   -115.600018360984
 mmm   37.0   1.42960000   0.95887000   1.09229400   0.99229400   1.09229400   107.98120000   110.66460000   110.66460000   110.66460000   100.00000000   220.00000000   340.00000000   -20.00000000   -115.594787751840
 mmm   38.0   1.42960000   0.95887000   1.09229400   1.19229400   1.09229400   107.98120000   110.66460000   110.66460000   110.66460000   100.00000000   220.00000000   340.00000000   -20.00000000   -115.596181871383
 mmm   39.0   1.42960000   0.95887000   1.09229400   0.89229400   1.09229400   107.98120000   110.66460000   110.66460000   110.66460000   100.00000000   220.00000000   340.00000000   -20.00000000   -115.566295475714
 mmm   3.0   1.47960000   0.95887000   1.09229400   1.09229400   1.09229400   107.98120000   110.66460000   110.66460000   110.66460000   100.00000000   220.00000000   340.00000000   -20.00000000   -115.599698193198
 mmm   40.0   1.42960000   0.95887000   1.09229400   1.29229400   1.09229400   107.98120000   110.66460000   110.66460000   110.66460000   100.00000000   220.00000000   340.00000000   -20.00000000   -115.584062808993
 mmm   41.0   1.42960000   0.95887000   1.09229400   0.79229400   1.09229400   107.98120000   110.66460000   110.66460000   110.66460000   100.00000000   220.00000000   340.00000000   -20.00000000   -115.500024907106
 mmm   42.0   1.42960000   0.95887000   1.09229400   1.39229400   1.09229400   107.98120000   110.66460000   110.66460000   110.66460000   100.00000000   220.00000000   340.00000000   -20.00000000   -115.568625873833
 mmm   43.0   1.42960000   0.95887000   1.09229400   1.49229400   1.09229400   107.98120000   110.66460000   110.66460000   110.66460000   100.00000000   220.00000000   340.00000000   -20.00000000   -115.551911979925
 mmm   44.0   1.42960000   0.95887000   1.09229400   1.59229400   1.09229400   107.98120000   110.66460000   110.66460000   110.66460000   100.00000000   220.00000000   340.00000000   -20.00000000   -115.535158208653
 mmm   45.0   1.42960000   0.95887000   1.09229400   1.79229400   1.09229400   107.98120000   110.66460000   110.66460000   110.66460000   100.00000000   220.00000000   340.00000000   -20.00000000   -115.504189726659
 mmm   46.0   1.42960000   0.95887000   1.09229400   1.09229400   1.04229400   107.98120000   110.66460000   110.66460000   110.66460000   100.00000000   220.00000000   340.00000000   -20.00000000   -115.600032502672
 mmm   47.0   1.42960000   0.95887000   1.09229400   1.09229400   1.14229400   107.98120000   110.66460000   110.66460000   110.66460000   100.00000000   220.00000000   340.00000000   -20.00000000   -115.600213236510
 mmm   48.0   1.42960000   0.95887000   1.09229400   1.09229400   0.99229400   107.98120000   110.66460000   110.66460000   110.66460000   100.00000000   220.00000000   340.00000000   -20.00000000   -115.594455677971
 mmm   49.0   1.42960000   0.95887000   1.09229400   1.09229400   1.19229400   107.98120000   110.66460000   110.66460000   110.66460000   100.00000000   220.00000000   340.00000000   -20.00000000   -115.596587333698
 mmm   4.0   1.32960000   0.95887000   1.09229400   1.09229400   1.09229400   107.98120000   110.66460000   110.66460000   110.66460000   100.00000000   220.00000000   340.00000000   -20.00000000   -115.595266557774
 mmm   50.0   1.42960000   0.95887000   1.09229400   1.09229400   0.89229400   107.98120000   110.66460000   110.66460000   110.66460000   100.00000000   220.00000000   340.00000000   -20.00000000   -115.565724052716
 mmm   51.0   1.42960000   0.95887000   1.09229400   1.09229400   1.29229400   107.98120000   110.66460000   110.66460000   110.66460000   100.00000000   220.00000000   340.00000000   -20.00000000   -115.584924660582
 mmm   52.0   1.42960000   0.95887000   1.09229400   1.09229400   0.79229400   107.98120000   110.66460000   110.66460000   110.66460000   100.00000000   220.00000000   340.00000000   -20.00000000   -115.499325462292
 mmm   53.0   1.42960000   0.95887000   1.09229400   1.09229400   1.39229400   107.98120000   110.66460000   110.66460000   110.66460000   100.00000000   220.00000000   340.00000000   -20.00000000   -115.569969386369
 mmm   54.0   1.42960000   0.95887000   1.09229400   1.09229400   1.49229400   107.98120000   110.66460000   110.66460000   110.66460000   100.00000000   220.00000000   340.00000000   -20.00000000   -115.553735305769
 mmm   55.0   1.42960000   0.95887000   1.09229400   1.09229400   1.59229400   107.98120000   110.66460000   110.66460000   110.66460000   100.00000000   220.00000000   340.00000000   -20.00000000   -115.537433168667
 mmm   56.0   1.42960000   0.95887000   1.09229400   1.09229400   1.79229400   107.98120000   110.66460000   110.66460000   110.66460000   100.00000000   220.00000000   340.00000000   -20.00000000   -115.507195461605
 mmm   57.0   1.42960000   0.95887000   1.09229400   1.09229400   1.09229400   112.98120000   110.66460000   110.66460000   110.66460000   100.00000000   220.00000000   340.00000000   -20.00000000   -115.600949192444
 mmm   58.0   1.42960000   0.95887000   1.09229400   1.09229400   1.09229400   102.98120000   110.66460000   110.66460000   110.66460000   100.00000000   220.00000000   340.00000000   -20.00000000   -115.600905301251
 mmm   59.0   1.42960000   0.95887000   1.09229400   1.09229400   1.09229400   117.98120000   110.66460000   110.66460000   110.66460000   100.00000000   220.00000000   340.00000000   -20.00000000   -115.599039497400
 mmm   5.0   1.52960000   0.95887000   1.09229400   1.09229400   1.09229400   107.98120000   110.66460000   110.66460000   110.66460000   100.00000000   220.00000000   340.00000000   -20.00000000   -115.595494746655
 mmm   60.0   1.42960000   0.95887000   1.09229400   1.09229400   1.09229400   97.98120000   110.66460000   110.66460000   110.66460000   100.00000000   220.00000000   340.00000000   -20.00000000   -115.598677556593
 mmm   61.0   1.42960000   0.95887000   1.09229400   1.09229400   1.09229400   127.98120000   110.66460000   110.66460000   110.66460000   100.00000000   220.00000000   340.00000000   -20.00000000   -115.592126218012
 mmm   62.0   1.42960000   0.95887000   1.09229400   1.09229400   1.09229400   87.98120000   110.66460000   110.66460000   110.66460000   100.00000000   220.00000000   340.00000000   -20.00000000   -115.589202758462
 mmm   63.0   1.42960000   0.95887000   1.09229400   1.09229400   1.09229400   137.98120000   110.66460000   110.66460000   110.66460000   100.00000000   220.00000000   340.00000000   -20.00000000   -115.582272915911
 mmm   64.0   1.42960000   0.95887000   1.09229400   1.09229400   1.09229400   77.98120000   110.66460000   110.66460000   110.66460000   100.00000000   220.00000000   340.00000000   -20.00000000   -115.572354670632
 mmm   65.0   1.42960000   0.95887000   1.09229400   1.09229400   1.09229400   157.98120000   110.66460000   110.66460000   110.66460000   100.00000000   220.00000000   340.00000000   -20.00000000   -115.560601977315
 mmm   66.0   1.42960000   0.95887000   1.09229400   1.09229400   1.09229400   57.98120000   110.66460000   110.66460000   110.66460000   100.00000000   220.00000000   340.00000000   -20.00000000   -115.512781147256
 mmm   67.0   1.42960000   0.95887000   1.09229400   1.09229400   1.09229400   167.98120000   110.66460000   110.66460000   110.66460000   100.00000000   220.00000000   340.00000000   -20.00000000   -115.552688010570
 mmm   68.0   1.42960000   0.95887000   1.09229400   1.09229400   1.09229400   107.98120000   115.66460000   110.66460000   110.66460000   100.00000000   220.00000000   340.00000000   -20.00000000   -115.600518252487
 mmm   69.0   1.42960000   0.95887000   1.09229400   1.09229400   1.09229400   107.98120000   105.66460000   110.66460000   110.66460000   100.00000000   220.00000000   340.00000000   -20.00000000   -115.600744507519
 mmm   6.0   1.22960000   0.95887000   1.09229400   1.09229400   1.09229400   107.98120000   110.66460000   110.66460000   110.66460000   100.00000000   220.00000000   340.00000000   -20.00000000   -115.567155917226
 mmm   70.0   1.42960000   0.95887000   1.09229400   1.09229400   1.09229400   107.98120000   120.66460000   110.66460000   110.66460000   100.00000000   220.00000000   340.00000000   -20.00000000   -115.597500034709
 mmm   71.0   1.42960000   0.95887000   1.09229400   1.09229400   1.09229400   107.98120000   100.66460000   110.66460000   110.66460000   100.00000000   220.00000000   340.00000000   -20.00000000   -115.597827786620
 mmm   72.0   1.42960000   0.95887000   1.09229400   1.09229400   1.09229400   107.98120000   130.66460000   110.66460000   110.66460000   100.00000000   220.00000000   340.00000000   -20.00000000   -115.585880376881
 mmm   73.0   1.42960000   0.95887000   1.09229400   1.09229400   1.09229400   107.98120000   90.66460000   110.66460000   110.66460000   100.00000000   220.00000000   340.00000000   -20.00000000   -115.585547201381
 mmm   74.0   1.42960000   0.95887000   1.09229400   1.09229400   1.09229400   107.98120000   140.66460000   110.66460000   110.66460000   100.00000000   220.00000000   340.00000000   -20.00000000   -115.567025180507
 mmm   75.0   1.42960000   0.95887000   1.09229400   1.09229400   1.09229400   107.98120000   80.66460000   110.66460000   110.66460000   100.00000000   220.00000000   340.00000000   -20.00000000   -115.564164205731
 mmm   76.0   1.42960000   0.95887000   1.09229400   1.09229400   1.09229400   107.98120000   160.66460000   110.66460000   110.66460000   100.00000000   220.00000000   340.00000000   -20.00000000   -115.508717454913
 mmm   77.0   1.42960000   0.95887000   1.09229400   1.09229400   1.09229400   107.98120000   60.66460000   110.66460000   110.66460000   100.00000000   220.00000000   340.00000000   -20.00000000   -115.495209836328
 mmm   78.0   1.42960000   0.95887000   1.09229400   1.09229400   1.09229400   107.98120000   170.66460000   110.66460000   110.66460000   100.00000000   220.00000000   340.00000000   -20.00000000   -115.470632410410
 mmm   79.0   1.42960000   0.95887000   1.09229400   1.09229400   1.09229400   107.98120000   110.66460000   115.66460000   110.66460000   100.00000000   220.00000000   340.00000000   -20.00000000   -115.599835173365
 mmm   7.0   1.62960000   0.95887000   1.09229400   1.09229400   1.09229400   107.98120000   110.66460000   110.66460000   110.66460000   100.00000000   220.00000000   340.00000000   -20.00000000   -115.582551794812
 mmm   80.0   1.42960000   0.95887000   1.09229400   1.09229400   1.09229400   107.98120000   110.66460000   105.66460000   110.66460000   100.00000000   220.00000000   340.00000000   -20.00000000   -115.601495711120
 mmm   81.0   1.42960000   0.95887000   1.09229400   1.09229400   1.09229400   107.98120000   110.66460000   120.66460000   110.66460000   100.00000000   220.00000000   340.00000000   -20.00000000   -115.596203981386
 mmm   82.0   1.42960000   0.95887000   1.09229400   1.09229400   1.09229400   107.98120000   110.66460000   100.66460000   110.66460000   100.00000000   220.00000000   340.00000000   -20.00000000   -115.599393917720
 mmm   83.0   1.42960000   0.95887000   1.09229400   1.09229400   1.09229400   107.98120000   110.66460000   130.66460000   110.66460000   100.00000000   220.00000000   340.00000000   -20.00000000   -115.583573486954
 mmm   84.0   1.42960000   0.95887000   1.09229400   1.09229400   1.09229400   107.98120000   110.66460000   90.66460000   110.66460000   100.00000000   220.00000000   340.00000000   -20.00000000   -115.588888456066
 mmm   85.0   1.42960000   0.95887000   1.09229400   1.09229400   1.09229400   107.98120000   110.66460000   140.66460000   110.66460000   100.00000000   220.00000000   340.00000000   -20.00000000   -115.564009328787
 mmm   86.0   1.42960000   0.95887000   1.09229400   1.09229400   1.09229400   107.98120000   110.66460000   80.66460000   110.66460000   100.00000000   220.00000000   340.00000000   -20.00000000   -115.569272170727
 mmm   87.0   1.42960000   0.95887000   1.09229400   1.09229400   1.09229400   107.98120000   110.66460000   160.66460000   110.66460000   100.00000000   220.00000000   340.00000000   -20.00000000   -115.505403914047
 mmm   88.0   1.42960000   0.95887000   1.09229400   1.09229400   1.09229400   107.98120000   110.66460000   60.66460000   110.66460000   100.00000000   220.00000000   340.00000000   -20.00000000   -115.500817762350
 mmm   89.0   1.42960000   0.95887000   1.09229400   1.09229400   1.09229400   107.98120000   110.66460000   170.66460000   110.66460000   100.00000000   220.00000000   340.00000000   -20.00000000   -115.467955826261
 mmm   8.0   1.12960000   0.95887000   1.09229400   1.09229400   1.09229400   107.98120000   110.66460000   110.66460000   110.66460000   100.00000000   220.00000000   340.00000000   -20.00000000   -115.501894197690
 mmm   90.0   1.42960000   0.95887000   1.09229400   1.09229400   1.09229400   107.98120000   110.66460000   110.66460000   115.66460000   100.00000000   220.00000000   340.00000000   -20.00000000   -115.600929436445
 mmm   91.0   1.42960000   0.95887000   1.09229400   1.09229400   1.09229400   107.98120000   110.66460000   110.66460000   105.66460000   100.00000000   220.00000000   340.00000000   -20.00000000   -115.600302900415
 mmm   92.0   1.42960000   0.95887000   1.09229400   1.09229400   1.09229400   107.98120000   110.66460000   110.66460000   120.66460000   100.00000000   220.00000000   340.00000000   -20.00000000   -115.598313327772
 mmm   93.0   1.42960000   0.95887000   1.09229400   1.09229400   1.09229400   107.98120000   110.66460000   110.66460000   100.66460000   100.00000000   220.00000000   340.00000000   -20.00000000   -115.596885207575
 mmm   94.0   1.42960000   0.95887000   1.09229400   1.09229400   1.09229400   107.98120000   110.66460000   110.66460000   130.66460000   100.00000000   220.00000000   340.00000000   -20.00000000   -115.587533313154
 mmm   95.0   1.42960000   0.95887000   1.09229400   1.09229400   1.09229400   107.98120000   110.66460000   110.66460000   90.66460000   100.00000000   220.00000000   340.00000000   -20.00000000   -115.583243614728
 mmm   96.0   1.42960000   0.95887000   1.09229400   1.09229400   1.09229400   107.98120000   110.66460000   110.66460000   140.66460000   100.00000000   220.00000000   340.00000000   -20.00000000   -115.569642230574
 mmm   97.0   1.42960000   0.95887000   1.09229400   1.09229400   1.09229400   107.98120000   110.66460000   110.66460000   80.66460000   100.00000000   220.00000000   340.00000000   -20.00000000   -115.559493423359
 mmm   98.0   1.42960000   0.95887000   1.09229400   1.09229400   1.09229400   107.98120000   110.66460000   110.66460000   160.66460000   100.00000000   220.00000000   340.00000000   -20.00000000   -115.513902299219
 mmm   99.0   1.42960000   0.95887000   1.09229400   1.09229400   1.09229400   107.98120000   110.66460000   110.66460000   60.66460000   100.00000000   220.00000000   340.00000000   -20.00000000   -115.477156272538
 mmm   9.0   1.72960000   0.95887000   1.09229400   1.09229400   1.09229400   107.98120000   110.66460000   110.66460000   110.66460000   100.00000000   220.00000000   340.00000000   -20.00000000   -115.566263563766
