    6   18
       38.6633123206       -0.0000000000        1.9827578475
       -1.8901929868        0.0000000000        1.7526628768
        1.8675777541       -0.0000000000       -1.4592985149
       -9.8714759410        4.7358150940        1.1814558855
       -9.8714759410       -4.7358150940        1.1814558855
      -18.8512147552        0.0000000000       -3.7911604724
       -0.0000000000       36.5230299897       -0.0000000000
        0.0000000000       -0.2093129016       -0.0000000000
       -0.0000000000        1.2265597833        0.0000000000
        4.8419666609      -15.3395307700       -2.3071615100
       -4.8419666609      -15.3395307700        2.3071615100
        0.0000000000       -6.8612132297        0.0000000000
        1.9827578475       -0.0000000000       28.9696261462
        0.9793687716       -0.0000000000       -1.9019359169
       -1.2810996419        0.0000000000        0.9817952798
        1.1252472270       -1.5386857491       -9.5205331969
        1.1252472270        1.5386857491       -9.5205331969
       -3.9340750434        0.0000000000       -9.0549515785
       -1.8901929868        0.0000000000        0.9793687716
       10.3842201186       -0.0000000000        3.1520007552
      -10.8513402252        0.0000000000       -5.3589127999
       -0.1744989577        0.3708714128        1.1015239275
       -0.1744989577       -0.3708714128        1.1015239275
       -1.0340764872        0.0000000000       -2.3948541518
        0.0000000000       -0.2093129016       -0.0000000000
       -0.0000000000       -5.8282818175       -0.0000000000
        0.0000000000        4.4356580064        0.0000000000
        0.2234984464       -0.6565412387       -0.5065735061
       -0.2234984464       -0.6565412387        0.5065735061
        0.0000000000        0.2966347387        0.0000000000
        1.7526628768       -0.0000000000       -1.9019359169
        3.1520007552       -0.0000000000        0.5865081296
       -2.9356858618        0.0000000000        0.7935553670
        0.3626608766       -0.3478640475       -0.2072997018
        0.3626608766        0.3478640475       -0.2072997018
       -0.4484911947        0.0000000000       -1.3038077322
        1.8675777541       -0.0000000000       -1.2810996419
      -10.8513402252        0.0000000000       -2.9356858618
        9.2991868676       -0.0000000000        3.6669668796
        0.0893276901       -0.1340041146       -0.7845090338
        0.0893276901        0.1340041146       -0.7845090338
       -0.0902188792       -0.0000000000        2.3412031617
       -0.0000000000        1.2265597833        0.0000000000
        0.0000000000        4.4356580064        0.0000000000
       -0.0000000000       -5.4652325433       -0.0000000000
        0.0355165594        0.4887177028       -0.2968635626
       -0.0355165594        0.4887177028        0.2968635626
       -0.0000000000       -0.9840553371       -0.0000000000
       -1.4592985149        0.0000000000        0.9817952798
       -5.3589127999        0.0000000000        0.7935553670
        3.6669668796       -0.0000000000       -1.5561897538
       -0.2360954857        0.0211653145       -0.3174267222
       -0.2360954857       -0.0211653145       -0.3174267222
        0.9051562551       -0.0000000000        0.4725010216
       -9.8714759410        4.8419666609        1.1252472270
       -0.1744989577        0.2234984464        0.3626608766
        0.0893276901        0.0355165594       -0.2360954857
        8.3848417935       -2.6924578472       -0.7848526600
       -0.7572491762        0.2949692782        0.0833664224
        3.4743721669       -1.2983908234        0.5539493841
        4.7358150940      -15.3395307700       -1.5386857491
        0.3708714128       -0.6565412387       -0.3478640475
       -0.1340041146        0.4887177028        0.0211653145
       -2.6924578472       11.8056003447        1.5422307678
       -0.2949692782        2.1133101500        0.0791072789
       -1.0647582352        0.4576887570       -0.4074401099
        1.1814558855       -2.3071615100       -9.5205331969
        1.1015239275       -0.5065735061       -0.2072997018
       -0.7845090338       -0.2968635626       -0.3174267222
       -0.7848526600        1.5422307678       11.7488127549
        0.0833664224       -0.0791072789       -0.8683896361
        0.5344321073       -0.2863204854       -0.9584255033
       -9.8714759410       -4.8419666609        1.1252472270
       -0.1744989577       -0.2234984464        0.3626608766
        0.0893276901       -0.0355165594       -0.2360954857
       -0.7572491762       -0.2949692782        0.0833664224
        8.3848417935        2.6924578472       -0.7848526600
        3.4743721669        1.2983908234        0.5539493841
       -4.7358150940      -15.3395307700        1.5386857491
       -0.3708714128       -0.6565412387        0.3478640475
        0.1340041146        0.4887177028       -0.0211653145
        0.2949692782        2.1133101500       -0.0791072789
        2.6924578472       11.8056003447       -1.5422307678
        1.0647582352        0.4576887570        0.4074401099
        1.1814558855        2.3071615100       -9.5205331969
        1.1015239275        0.5065735061       -0.2072997018
       -0.7845090338        0.2968635626       -0.3174267222
        0.0833664224        0.0791072789       -0.8683896361
       -0.7848526600       -1.5422307678       11.7488127549
        0.5344321073        0.2863204854       -0.9584255033
      -18.8512147552        0.0000000000       -3.9340750434
       -1.0340764872        0.0000000000       -0.4484911947
       -0.0902188792       -0.0000000000        0.9051562551
        3.4743721669       -1.0647582352        0.5344321073
        3.4743721669        1.0647582352        0.5344321073
       13.0087991068       -0.0000000000        2.4095317808
        0.0000000000       -6.8612132297        0.0000000000
        0.0000000000        0.2966347387        0.0000000000
       -0.0000000000       -0.9840553371       -0.0000000000
       -1.2983908234        0.4576887570       -0.2863204854
        1.2983908234        0.4576887570        0.2863204854
       -0.0000000000        6.6332563142       -0.0000000000
       -3.7911604724        0.0000000000       -9.0549515785
       -2.3948541518        0.0000000000       -1.3038077322
        2.3412031617       -0.0000000000        0.4725010216
        0.5539493841       -0.4074401099       -0.9584255033
        0.5539493841        0.4074401099       -0.9584255033
        2.4095317808       -0.0000000000       11.8210759766
