    6   18
       29.2157083276        2.5012428274        0.0000000000
       -1.7524168402        0.9718076098        0.0000000000
        0.8345134953       -1.2244050237        0.0000000000
       -9.4512154792       -1.6738820811       -0.6384312927
       -9.3953751445        1.0991187914        0.0000000000
       -9.4512154792       -1.6738820811        0.6384312927
        2.5012428274       38.4172301392        0.0000000000
        1.7451017150       -2.0397120634        0.0000000000
       -1.4026038967        2.0148595386        0.0000000000
       -1.5743204663      -14.1978722566        2.4065078629
        1.1553274500       -9.9966339934        0.0000000000
       -1.5743204663      -14.1978722566       -2.4065078629
        0.0000000000        0.0000000000       36.5230299897
        0.0000000000        0.0000000000       -0.2093129016
        0.0000000000        0.0000000000        1.2265597833
       -1.0191834241        2.4805592096      -11.1003719998
        0.0000000000        0.0000000000      -15.3395307700
        1.0191834241       -2.4805592096      -11.1003719998
       -1.7524168402        1.7451017150        0.0000000000
        0.9608535308        3.6691555850        0.0000000000
        0.3047472513       -3.5479325007        0.0000000000
       -0.7928300612       -0.0325679461       -0.1635092578
       -0.1270879599        0.3600589587        0.0000000000
       -0.7928300612       -0.0325679461        0.1635092578
        0.9718076098       -2.0397120634        0.0000000000
        3.6691555850       10.0098747174        0.0000000000
       -5.9711594388      -10.3625321095        0.0000000000
       -0.6363178992       -0.5670113783        0.1946881422
        1.0989220095       -0.2547106997        0.0000000000
       -0.6363178992       -0.5670113783       -0.1946881422
        0.0000000000        0.0000000000       -0.2093129016
        0.0000000000        0.0000000000       -5.8282818175
        0.0000000000        0.0000000000        4.4356580064
       -0.2467825971        0.1254608222       -0.1799532500
        0.0000000000        0.0000000000       -0.6565412387
        0.2467825971       -0.1254608222       -0.1799532500
        0.8345134953       -1.4026038967        0.0000000000
        0.3047472513       -5.9711594388        0.0000000000
       -1.1223154143        4.2388994462        0.0000000000
        0.1381943612        0.3269218170        0.0068952053
       -0.3720479689       -0.2107751665        0.0000000000
        0.1381943612        0.3269218170       -0.0068952053
       -1.2244050237        2.0148595386        0.0000000000
       -3.5479325007      -10.3625321095        0.0000000000
        4.2388994462        8.8653125281        0.0000000000
        0.7707384962       -0.0611028060       -0.0674812897
       -0.7591887145        0.1439489368        0.0000000000
        0.7707384962       -0.0611028060        0.0674812897
        0.0000000000        0.0000000000        1.2265597833
        0.0000000000        0.0000000000        4.4356580064
        0.0000000000        0.0000000000       -5.4652325433
       -0.1472356491        0.0258653018       -0.2476688171
        0.0000000000        0.0000000000        0.4887177028
        0.1472356491       -0.0258653018       -0.2476688171
       -9.4512154792       -1.5743204663       -1.0191834241
       -0.7928300612       -0.6363178992       -0.2467825971
        0.1381943612        0.7707384962       -0.1472356491
       11.8705717098        0.7479240326        0.6961866670
       -0.8722484033        0.4410848621       -0.2639994621
       -0.8855637310        0.7834642459        0.0540675685
       -1.6738820811      -14.1978722566        2.4805592096
       -0.0325679461       -0.5670113783        0.1254608222
        0.3269218170       -0.0611028060        0.0258653018
        0.7479240326       10.6111931061       -1.3864614581
        0.4313262237        1.3174023289       -0.3709853555
        0.7834642459        3.4015103945       -0.1199593075
       -0.6384312927        2.4065078629      -11.1003719998
       -0.1635092578        0.1946881422       -0.1799532500
        0.0068952053       -0.0674812897       -0.2476688171
        0.6961866670       -1.3864614581        9.2194283295
       -0.1471070809       -0.7898056333        1.2854994535
       -0.0540675685        0.1199593075        0.4576887570
       -9.3953751445        1.1553274500        0.0000000000
       -0.1270879599        1.0989220095        0.0000000000
       -0.3720479689       -0.7591887145        0.0000000000
       -0.8722484033        0.4313262237       -0.1471070809
       11.6528246726       -0.9641997239        0.0000000000
       -0.8722484033        0.4313262237        0.1471070809
        1.0991187914       -9.9966339934        0.0000000000
        0.3600589587       -0.2547106997        0.0000000000
       -0.2107751665        0.1439489368        0.0000000000
        0.4410848621        1.3174023289       -0.7898056333
       -0.9641997239        8.4808298758        0.0000000000
        0.4410848621        1.3174023289        0.7898056333
        0.0000000000        0.0000000000      -15.3395307700
        0.0000000000        0.0000000000       -0.6565412387
        0.0000000000        0.0000000000        0.4887177028
       -0.2639994621       -0.3709853555        1.2854994535
        0.0000000000        0.0000000000       11.8056003447
        0.2639994621        0.3709853555        1.2854994535
       -9.4512154792       -1.5743204663        1.0191834241
       -0.7928300612       -0.6363178992        0.2467825971
        0.1381943612        0.7707384962        0.1472356491
       -0.8855637310        0.7834642459       -0.0540675685
       -0.8722484033        0.4410848621        0.2639994621
       11.8705717098        0.7479240326       -0.6961866670
       -1.6738820811      -14.1978722566       -2.4805592096
       -0.0325679461       -0.5670113783       -0.1254608222
        0.3269218170       -0.0611028060       -0.0258653018
        0.7834642459        3.4015103945        0.1199593075
        0.4313262237        1.3174023289        0.3709853555
        0.7479240326       10.6111931061        1.3864614581
        0.6384312927       -2.4065078629      -11.1003719998
        0.1635092578       -0.1946881422       -0.1799532500
       -0.0068952053        0.0674812897       -0.2476688171
        0.0540675685       -0.1199593075        0.4576887570
        0.1471070809        0.7898056333        1.2854994535
       -0.6961866670        1.3864614581        9.2194283295
