0.194682895783E+01 -.312597437244E-02 -.476601769115E+00
0.269841963038E+00 0.172589495301E+01 0.271201263936E+00
0.803526090029E-01 -.136109574548E+01 0.289552847297E-14
0.269841963038E+00 0.172589495301E+01 -.271201263936E+00
-.312597437244E-02 0.123245712522E+02 -.263138299123E+01
-.134911884750E+00 -.266849797492E+01 -.504797383602E+00
0.798228105976E+00 0.349280526040E+01 -.416239705743E-13
-.134911884750E+00 -.266849797492E+01 0.504797383602E+00
-.476601769115E+00 -.263138299123E+01 -.521496891909E+01
0.568119270971E+00 0.319119429594E+01 -.980006714455E+00
-.621367482595E+00 -.383077577419E+01 0.518043428240E-14
0.568119270971E+00 0.319119429594E+01 0.980006714455E+00
0.269841963038E+00 -.134911884750E+00 0.568119270971E+00
0.113259478234E+02 0.232076185609E+01 -.328000068326E+00
-.120081218727E+01 -.106832616041E+01 -.160076202123E+01
-.200924649183E+00 -.134058701949E+01 0.294999098716E+01
0.172589495301E+01 -.266849797492E+01 0.319119429594E+01
0.232076185609E+01 0.309603888786E+02 0.526641761624E+01
-.653213820652E-02 0.434903975868E+01 -.333542529487E+01
-.134058701949E+01 0.735992410911E+01 0.334280202559E+01
0.271201263936E+00 -.504797383602E+00 -.980006714455E+00
-.328000068326E+00 0.526641761624E+01 0.222968390529E+02
0.566110707594E+00 0.754046471974E+01 -.120166202756E+02
-.294999098716E+01 -.334280202559E+01 -.131384575874E+02
0.803526090029E-01 0.798228105976E+00 -.621367482595E+00
-.120081218727E+01 -.653213820652E-02 0.566110707594E+00
0.771846621758E+01 0.154208008598E+01 -.233555410329E-13
-.120081218727E+01 -.653213820651E-02 -.566110707594E+00
-.136109574548E+01 0.349280526040E+01 -.383077577419E+01
-.106832616041E+01 0.434903975868E+01 0.754046471974E+01
0.154208008598E+01 0.314211275526E+02 0.834390668769E-14
-.106832616041E+01 0.434903975868E+01 -.754046471974E+01
0.304530706208E-14 -.418241830058E-13 0.532907051820E-14
-.160076202123E+01 -.333542529487E+01 -.120166202756E+02
-.237310171514E-13 0.910382880193E-14 0.244911646278E+02
0.160076202123E+01 0.333542529487E+01 -.120166202756E+02
0.269841963038E+00 -.134911884750E+00 0.568119270971E+00
-.200924649183E+00 -.134058701949E+01 -.294999098716E+01
-.120081218727E+01 -.106832616041E+01 0.160076202123E+01
0.113259478234E+02 0.232076185609E+01 0.328000068326E+00
0.172589495301E+01 -.266849797492E+01 0.319119429594E+01
-.134058701949E+01 0.735992410911E+01 -.334280202559E+01
-.653213820651E-02 0.434903975868E+01 0.333542529487E+01
0.232076185609E+01 0.309603888786E+02 -.526641761624E+01
-.271201263936E+00 0.504797383602E+00 0.980006714455E+00
0.294999098716E+01 0.334280202559E+01 -.131384575874E+02
-.566110707594E+00 -.754046471974E+01 -.120166202756E+02
0.328000068326E+00 -.526641761624E+01 0.222968390529E+02
