INTGRL        1    0    1    0    0    0    0    0    0
         *** CFOUR Program System (Release V0.1) *** 
Methanol DBOC calculation
    5    1 Z          0.10E-08              0    0
   9999.00      3.00
          6.00000000    1    4    1    1    1    1
C #1  -1.383984987876833   0.021635155907871   0.000000000000000
   13    7
   8236.00000000000       5.310000000000000E-004 -1.130000000000000E-004
  0.000000000000000E+000  0.000000000000000E+000  0.000000000000000E+000
  0.000000000000000E+000  0.000000000000000E+000
   1235.00000000000       4.108000000000000E-003 -8.780000000000000E-004
  0.000000000000000E+000  0.000000000000000E+000  0.000000000000000E+000
  0.000000000000000E+000  0.000000000000000E+000
   280.800000000000       2.108700000000000E-002 -4.540000000000000E-003
  0.000000000000000E+000  0.000000000000000E+000  0.000000000000000E+000
  0.000000000000000E+000  0.000000000000000E+000
   79.2700000000000       8.185300000000000E-002 -1.813300000000000E-002
  0.000000000000000E+000  0.000000000000000E+000  0.000000000000000E+000
  0.000000000000000E+000  0.000000000000000E+000
   25.5900000000000       0.234817000000000      -5.576000000000000E-002
  0.000000000000000E+000  0.000000000000000E+000  0.000000000000000E+000
  0.000000000000000E+000  0.000000000000000E+000
   8.99700000000000       0.434401000000000      -0.126895000000000     
  0.000000000000000E+000  0.000000000000000E+000  0.000000000000000E+000
  0.000000000000000E+000  0.000000000000000E+000
   3.31900000000000       0.346129000000000      -0.170352000000000     
  0.000000000000000E+000  0.000000000000000E+000  0.000000000000000E+000
  0.000000000000000E+000  0.000000000000000E+000
  0.905900000000000       3.937800000000000E-002  0.140382000000000     
   1.00000000000000       0.000000000000000E+000  0.000000000000000E+000
  0.000000000000000E+000  0.000000000000000E+000
  0.364300000000000      -8.983000000000000E-003  0.598684000000000     
  0.000000000000000E+000  0.000000000000000E+000  0.000000000000000E+000
  0.000000000000000E+000  0.000000000000000E+000
  0.128500000000000       2.385000000000000E-003  0.395389000000000     
  0.000000000000000E+000   1.00000000000000       0.000000000000000E+000
  0.000000000000000E+000  0.000000000000000E+000
   4.29200000000000       0.000000000000000E+000  0.000000000000000E+000
  0.000000000000000E+000  0.000000000000000E+000   1.00000000000000     
  0.000000000000000E+000  0.000000000000000E+000
   11.8760000000000       0.000000000000000E+000  0.000000000000000E+000
  0.000000000000000E+000  0.000000000000000E+000  0.000000000000000E+000
   1.00000000000000       0.000000000000000E+000
  4.402000000000000E-002  0.000000000000000E+000  0.000000000000000E+000
  0.000000000000000E+000  0.000000000000000E+000  0.000000000000000E+000
  0.000000000000000E+000   1.00000000000000     
    8    6
   18.7100000000000       1.403100000000000E-002  0.000000000000000E+000
  0.000000000000000E+000  0.000000000000000E+000  0.000000000000000E+000
  0.000000000000000E+000
   4.13300000000000       8.686600000000000E-002  0.000000000000000E+000
  0.000000000000000E+000  0.000000000000000E+000  0.000000000000000E+000
  0.000000000000000E+000
   1.20000000000000       0.290216000000000       0.000000000000000E+000
  0.000000000000000E+000  0.000000000000000E+000  0.000000000000000E+000
  0.000000000000000E+000
  0.382700000000000       0.501008000000000        1.00000000000000     
  0.000000000000000E+000  0.000000000000000E+000  0.000000000000000E+000
  0.000000000000000E+000
  0.120900000000000       0.343406000000000       0.000000000000000E+000
   1.00000000000000       0.000000000000000E+000  0.000000000000000E+000
  0.000000000000000E+000
   8.77800000000000       0.000000000000000E+000  0.000000000000000E+000
  0.000000000000000E+000   1.00000000000000       0.000000000000000E+000
  0.000000000000000E+000
   33.1900000000000       0.000000000000000E+000  0.000000000000000E+000
  0.000000000000000E+000  0.000000000000000E+000   1.00000000000000     
  0.000000000000000E+000
  3.569000000000000E-002  0.000000000000000E+000  0.000000000000000E+000
  0.000000000000000E+000  0.000000000000000E+000  0.000000000000000E+000
   1.00000000000000     
    4    4
   1.09700000000000        1.00000000000000       0.000000000000000E+000
  0.000000000000000E+000  0.000000000000000E+000
  0.318000000000000       0.000000000000000E+000   1.00000000000000     
  0.000000000000000E+000  0.000000000000000E+000
   14.8390000000000       0.000000000000000E+000  0.000000000000000E+000
   1.00000000000000       0.000000000000000E+000
  0.100000000000000       0.000000000000000E+000  0.000000000000000E+000
  0.000000000000000E+000   1.00000000000000     
    2    2
  0.761000000000000        1.00000000000000       0.000000000000000E+000
  0.268000000000000       0.000000000000000E+000   1.00000000000000     
          8.00000000    1    4    1    1    1    1
O #2   1.313508917212465  -0.126403444570259  -0.000000000000001
   13    7
   15330.0000000000       5.080000000000000E-004 -1.150000000000000E-004
  0.000000000000000E+000  0.000000000000000E+000  0.000000000000000E+000
  0.000000000000000E+000  0.000000000000000E+000
   2299.00000000000       3.929000000000000E-003 -8.950000000000000E-004
  0.000000000000000E+000  0.000000000000000E+000  0.000000000000000E+000
  0.000000000000000E+000  0.000000000000000E+000
   522.400000000000       2.024300000000000E-002 -4.636000000000000E-003
  0.000000000000000E+000  0.000000000000000E+000  0.000000000000000E+000
  0.000000000000000E+000  0.000000000000000E+000
   147.300000000000       7.918100000000000E-002 -1.872400000000000E-002
  0.000000000000000E+000  0.000000000000000E+000  0.000000000000000E+000
  0.000000000000000E+000  0.000000000000000E+000
   47.5500000000000       0.230687000000000      -5.846300000000000E-002
  0.000000000000000E+000  0.000000000000000E+000  0.000000000000000E+000
  0.000000000000000E+000  0.000000000000000E+000
   16.7600000000000       0.433118000000000      -0.136463000000000     
  0.000000000000000E+000  0.000000000000000E+000  0.000000000000000E+000
  0.000000000000000E+000  0.000000000000000E+000
   6.20700000000000       0.350260000000000      -0.175740000000000     
  0.000000000000000E+000  0.000000000000000E+000  0.000000000000000E+000
  0.000000000000000E+000  0.000000000000000E+000
   1.75200000000000       4.272800000000000E-002  0.160934000000000     
   1.00000000000000       0.000000000000000E+000  0.000000000000000E+000
  0.000000000000000E+000  0.000000000000000E+000
  0.688200000000000      -8.154000000000000E-003  0.603418000000000     
  0.000000000000000E+000  0.000000000000000E+000  0.000000000000000E+000
  0.000000000000000E+000  0.000000000000000E+000
  0.238400000000000       2.381000000000000E-003  0.378765000000000     
  0.000000000000000E+000   1.00000000000000       0.000000000000000E+000
  0.000000000000000E+000  0.000000000000000E+000
   7.84500000000000       0.000000000000000E+000  0.000000000000000E+000
  0.000000000000000E+000  0.000000000000000E+000   1.00000000000000     
  0.000000000000000E+000  0.000000000000000E+000
   21.0320000000000       0.000000000000000E+000  0.000000000000000E+000
  0.000000000000000E+000  0.000000000000000E+000  0.000000000000000E+000
   1.00000000000000       0.000000000000000E+000
  7.376000000000001E-002  0.000000000000000E+000  0.000000000000000E+000
  0.000000000000000E+000  0.000000000000000E+000  0.000000000000000E+000
  0.000000000000000E+000   1.00000000000000     
    8    6
   34.4600000000000       1.592800000000000E-002  0.000000000000000E+000
  0.000000000000000E+000  0.000000000000000E+000  0.000000000000000E+000
  0.000000000000000E+000
   7.74900000000000       9.974000000000000E-002  0.000000000000000E+000
  0.000000000000000E+000  0.000000000000000E+000  0.000000000000000E+000
  0.000000000000000E+000
   2.28000000000000       0.310492000000000       0.000000000000000E+000
  0.000000000000000E+000  0.000000000000000E+000  0.000000000000000E+000
  0.000000000000000E+000
  0.715600000000000       0.491026000000000        1.00000000000000     
  0.000000000000000E+000  0.000000000000000E+000  0.000000000000000E+000
  0.000000000000000E+000
  0.214000000000000       0.336337000000000       0.000000000000000E+000
   1.00000000000000       0.000000000000000E+000  0.000000000000000E+000
  0.000000000000000E+000
   15.1590000000000       0.000000000000000E+000  0.000000000000000E+000
  0.000000000000000E+000   1.00000000000000       0.000000000000000E+000
  0.000000000000000E+000
   57.4370000000000       0.000000000000000E+000  0.000000000000000E+000
  0.000000000000000E+000  0.000000000000000E+000   1.00000000000000     
  0.000000000000000E+000
  5.974000000000000E-002  0.000000000000000E+000  0.000000000000000E+000
  0.000000000000000E+000  0.000000000000000E+000  0.000000000000000E+000
   1.00000000000000     
    4    4
   2.31400000000000        1.00000000000000       0.000000000000000E+000
  0.000000000000000E+000  0.000000000000000E+000
  0.645000000000000       0.000000000000000E+000   1.00000000000000     
  0.000000000000000E+000  0.000000000000000E+000
   15.8580000000000       0.000000000000000E+000  0.000000000000000E+000
   1.00000000000000       0.000000000000000E+000
  0.214000000000000       0.000000000000000E+000  0.000000000000000E+000
  0.000000000000000E+000   1.00000000000000     
    2    2
   1.42800000000000        1.00000000000000       0.000000000000000E+000
  0.500000000000000       0.000000000000000E+000   1.00000000000000     
          1.00000000    1    3    1    1    1
H #3   1.966486043723380   1.563854633313741   0.000000000000008
    6    4
   33.8700000000000       6.068000000000000E-003  0.000000000000000E+000
  0.000000000000000E+000  0.000000000000000E+000
   5.09500000000000       4.530800000000000E-002  0.000000000000000E+000
  0.000000000000000E+000  0.000000000000000E+000
   1.15900000000000       0.202822000000000       0.000000000000000E+000
  0.000000000000000E+000  0.000000000000000E+000
  0.325800000000000       0.503903000000000        1.00000000000000     
  0.000000000000000E+000  0.000000000000000E+000
  0.102700000000000       0.383421000000000       0.000000000000000E+000
   1.00000000000000       0.000000000000000E+000
  2.526000000000000E-002  0.000000000000000E+000  0.000000000000000E+000
  0.000000000000000E+000   1.00000000000000     
    3    3
   1.40700000000000        1.00000000000000       0.000000000000000E+000
  0.000000000000000E+000
  0.388000000000000       0.000000000000000E+000   1.00000000000000     
  0.000000000000000E+000
  0.102000000000000       0.000000000000000E+000  0.000000000000000E+000
   1.00000000000000     
    2    2
   1.05700000000000        1.00000000000000       0.000000000000000E+000
  0.247000000000000       0.000000000000000E+000   1.00000000000000     
          1.00000000    1    3    1    1    1
H #4  -2.058401612789244   1.025767791227559  -1.672585177049645
    6    4
   33.8700000000000       6.068000000000000E-003  0.000000000000000E+000
  0.000000000000000E+000  0.000000000000000E+000
   5.09500000000000       4.530800000000000E-002  0.000000000000000E+000
  0.000000000000000E+000  0.000000000000000E+000
   1.15900000000000       0.202822000000000       0.000000000000000E+000
  0.000000000000000E+000  0.000000000000000E+000
  0.325800000000000       0.503903000000000        1.00000000000000     
  0.000000000000000E+000  0.000000000000000E+000
  0.102700000000000       0.383421000000000       0.000000000000000E+000
   1.00000000000000       0.000000000000000E+000
  2.526000000000000E-002  0.000000000000000E+000  0.000000000000000E+000
  0.000000000000000E+000   1.00000000000000     
    3    3
   1.40700000000000        1.00000000000000       0.000000000000000E+000
  0.000000000000000E+000
  0.388000000000000       0.000000000000000E+000   1.00000000000000     
  0.000000000000000E+000
  0.102000000000000       0.000000000000000E+000  0.000000000000000E+000
   1.00000000000000     
    2    2
   1.05700000000000        1.00000000000000       0.000000000000000E+000
  0.247000000000000       0.000000000000000E+000   1.00000000000000     
          1.00000000    1    3    1    1    1
H #5  -2.217150373696453  -1.866881920432861  -0.000000000000010
    6    4
   33.8700000000000       6.068000000000000E-003  0.000000000000000E+000
  0.000000000000000E+000  0.000000000000000E+000
   5.09500000000000       4.530800000000000E-002  0.000000000000000E+000
  0.000000000000000E+000  0.000000000000000E+000
   1.15900000000000       0.202822000000000       0.000000000000000E+000
  0.000000000000000E+000  0.000000000000000E+000
  0.325800000000000       0.503903000000000        1.00000000000000     
  0.000000000000000E+000  0.000000000000000E+000
  0.102700000000000       0.383421000000000       0.000000000000000E+000
   1.00000000000000       0.000000000000000E+000
  2.526000000000000E-002  0.000000000000000E+000  0.000000000000000E+000
  0.000000000000000E+000   1.00000000000000     
    3    3
   1.40700000000000        1.00000000000000       0.000000000000000E+000
  0.000000000000000E+000
  0.388000000000000       0.000000000000000E+000   1.00000000000000     
  0.000000000000000E+000
  0.102000000000000       0.000000000000000E+000  0.000000000000000E+000
   1.00000000000000     
    2    2
   1.05700000000000        1.00000000000000       0.000000000000000E+000
  0.247000000000000       0.000000000000000E+000   1.00000000000000     
FINISH
